condition,trajectory,law_id,scope,max_drift_fsum,initial_inventory
R3_BASE,SOURCE_PRIMARY,CONS_001,SOURCE_GENERAL_EXACT_CONSERVATION,1.4287731025139388e-15,0.35
R3_BASE,SOURCE_PRIMARY,CONS_002,SOURCE_GENERAL_EXACT_CONSERVATION,4.797258976443008e-16,0.44
R3_BASE,SOURCE_PRIMARY,CONS_003,SOURCE_GENERAL_EXACT_CONSERVATION,1.4690569620055658e-13,80.0
R3_BASE,SOURCE_PRIMARY,CONS_004,SOURCE_GENERAL_EXACT_CONSERVATION,3.241937968079256e-14,13.0
R3_BASE,SOURCE_PRIMARY,CONS_005,SOURCE_GENERAL_EXACT_CONSERVATION,2.8785756964884074e-14,4.3
R3_BASE,SOURCE_PRIMARY,CONS_006,SOURCE_GENERAL_EXACT_CONSERVATION,4.917069378114238e-13,99.0
R3_BASE,SOURCE_PRIMARY,CONS_007,SOURCE_GENERAL_EXACT_CONSERVATION,9.340912927862969e-15,4.1
R3_BASE,SOURCE_PRIMARY,CONS_008,SOURCE_GENERAL_EXACT_CONSERVATION,1.1880814257297764e-14,4.9
R3_BASE,SOURCE_PRIMARY,CONS_009,SOURCE_GENERAL_EXACT_CONSERVATION,3.708890460648196e-16,0.2
R3_BASE,SOURCE_PRIMARY,CONS_010,SOURCE_GENERAL_EXACT_CONSERVATION,2.108117304345776e-16,0.2
R3_BASE,SOURCE_PRIMARY,CONS_011,SOURCE_GENERAL_EXACT_CONSERVATION,2.4054632971003923e-15,0.7
R3_BASE,SOURCE_PRIMARY,CONS_012,SOURCE_GENERAL_EXACT_CONSERVATION,1.7252151923306987e-14,16.0
R3_BASE,SOURCE_PRIMARY,CONS_013,SOURCE_GENERAL_EXACT_CONSERVATION,8.997273412414408e-14,30.0
R3_BASE,SOURCE_PRIMARY,CONS_014,SOURCE_GENERAL_EXACT_CONSERVATION,2.7746359897162787e-15,1.8
R3_BASE,SOURCE_PRIMARY,CONS_015,SOURCE_GENERAL_EXACT_CONSERVATION,1.698012390416448e-14,5.6
R3_BASE,SOURCE_PRIMARY,CONS_016,SOURCE_GENERAL_EXACT_CONSERVATION,6.986598799496591e-16,0.16
R3_BASE,SOURCE_PRIMARY,CONS_017,SOURCE_GENERAL_EXACT_CONSERVATION,3.378590809899329e-15,2.4
R3_BASE,SOURCE_PRIMARY,CONS_018,SOURCE_GENERAL_EXACT_CONSERVATION,1.1485876700671197e-10,50000.0
R3_BASE,SOURCE_PRIMARY,CONS_019,SOURCE_GENERAL_EXACT_CONSERVATION,2.4526376148250146e-13,124.4498943
R3_BASE,SOURCE_PRIMARY,CONS_020,SOURCE_GENERAL_EXACT_CONSERVATION,7.936452718876066e-15,2.9
R3_BASE,SOURCE_PRIMARY,CONS_021,SOURCE_GENERAL_EXACT_CONSERVATION,7.507654100182938e-12,-2409.3
R3_BASE,SOURCE_PRIMARY,CONS_022,SOURCE_GENERAL_EXACT_CONSERVATION,3.984577380164215e-12,-293.25465632
R3_BASE,SOURCE_PRIMARY,CONS_023,SOURCE_GENERAL_EXACT_CONSERVATION,1.7314905876675427e-12,299.65
R3_BASE,SOURCE_PRIMARY,CONS_024,SOURCE_GENERAL_EXACT_CONSERVATION,4.2773998435130286e-13,-167.79232816
R3_BASE,SOURCE_PRIMARY,CONS_025,SOURCE_GENERAL_EXACT_CONSERVATION,1.3632658954448728e-13,-63.69465632
R3_BASE,SOURCE_PRIMARY,CONS_026,SOURCE_GENERAL_EXACT_CONSERVATION,1.401645766242016e-13,-66.59465632
R3_BASE,SOURCE_PRIMARY,CONS_027,SOURCE_GENERAL_EXACT_CONSERVATION,1.6154435963664035e-12,193.46534368
R3_BASE,SOURCE_UNCERTAINTY,CONS_001,SOURCE_GENERAL_EXACT_CONSERVATION,7.06329779830659e-16,0.35
R3_BASE,SOURCE_UNCERTAINTY,CONS_002,SOURCE_GENERAL_EXACT_CONSERVATION,6.037223634057688e-16,0.44
R3_BASE,SOURCE_UNCERTAINTY,CONS_003,SOURCE_GENERAL_EXACT_CONSERVATION,6.816520131757227e-14,80.0
R3_BASE,SOURCE_UNCERTAINTY,CONS_004,SOURCE_GENERAL_EXACT_CONSERVATION,2.506328478091291e-14,13.0
R3_BASE,SOURCE_UNCERTAINTY,CONS_005,SOURCE_GENERAL_EXACT_CONSERVATION,9.479753806381785e-15,4.3
R3_BASE,SOURCE_UNCERTAINTY,CONS_006,SOURCE_GENERAL_EXACT_CONSERVATION,3.2570576526835905e-13,99.0
R3_BASE,SOURCE_UNCERTAINTY,CONS_007,SOURCE_GENERAL_EXACT_CONSERVATION,1.1221720814081806e-14,4.1
R3_BASE,SOURCE_UNCERTAINTY,CONS_008,SOURCE_GENERAL_EXACT_CONSERVATION,5.026856860899572e-15,4.9
R3_BASE,SOURCE_UNCERTAINTY,CONS_009,SOURCE_GENERAL_EXACT_CONSERVATION,1.605610243826834e-16,0.2
R3_BASE,SOURCE_UNCERTAINTY,CONS_010,SOURCE_GENERAL_EXACT_CONSERVATION,4.1426136812897606e-16,0.2
R3_BASE,SOURCE_UNCERTAINTY,CONS_011,SOURCE_GENERAL_EXACT_CONSERVATION,2.998771389592489e-15,0.7
R3_BASE,SOURCE_UNCERTAINTY,CONS_012,SOURCE_GENERAL_EXACT_CONSERVATION,1.787322667398056e-14,16.0
R3_BASE,SOURCE_UNCERTAINTY,CONS_013,SOURCE_GENERAL_EXACT_CONSERVATION,3.591392887765453e-14,30.0
R3_BASE,SOURCE_UNCERTAINTY,CONS_014,SOURCE_GENERAL_EXACT_CONSERVATION,1.994931997373328e-15,1.8
R3_BASE,SOURCE_UNCERTAINTY,CONS_015,SOURCE_GENERAL_EXACT_CONSERVATION,1.3149161596256835e-14,5.6
R3_BASE,SOURCE_UNCERTAINTY,CONS_016,SOURCE_GENERAL_EXACT_CONSERVATION,4.677248172102466e-16,0.16
R3_BASE,SOURCE_UNCERTAINTY,CONS_017,SOURCE_GENERAL_EXACT_CONSERVATION,9.256538677920867e-15,2.4
R3_BASE,SOURCE_UNCERTAINTY,CONS_018,SOURCE_GENERAL_EXACT_CONSERVATION,1.549173807898624e-10,50000.0
R3_BASE,SOURCE_UNCERTAINTY,CONS_019,SOURCE_GENERAL_EXACT_CONSERVATION,7.673830510921895e-14,124.4498943
R3_BASE,SOURCE_UNCERTAINTY,CONS_020,SOURCE_GENERAL_EXACT_CONSERVATION,4.268758789834191e-15,2.9
R3_BASE,SOURCE_UNCERTAINTY,CONS_021,SOURCE_GENERAL_EXACT_CONSERVATION,7.873754748785426e-12,-2409.3
R3_BASE,SOURCE_UNCERTAINTY,CONS_022,SOURCE_GENERAL_EXACT_CONSERVATION,8.669053018457369e-13,-293.25465632
R3_BASE,SOURCE_UNCERTAINTY,CONS_023,SOURCE_GENERAL_EXACT_CONSERVATION,2.9867461593557534e-13,299.65
R3_BASE,SOURCE_UNCERTAINTY,CONS_024,SOURCE_GENERAL_EXACT_CONSERVATION,3.5271178011838157e-13,-167.79232816
R3_BASE,SOURCE_UNCERTAINTY,CONS_025,SOURCE_GENERAL_EXACT_CONSERVATION,6.670322916623284e-14,-63.69465632
R3_BASE,SOURCE_UNCERTAINTY,CONS_026,SOURCE_GENERAL_EXACT_CONSERVATION,6.467302870788417e-14,-66.59465632
R3_BASE,SOURCE_UNCERTAINTY,CONS_027,SOURCE_GENERAL_EXACT_CONSERVATION,3.229644449970504e-13,193.46534368
R3_BASE,GlyRS_REDUCED_SLOW,CONS_001,SOURCE_GENERAL_EXACT_CONSERVATION,2.2419028258882667e-34,0.35
R3_BASE,GlyRS_REDUCED_SLOW,CONS_002,SOURCE_GENERAL_EXACT_CONSERVATION,0.0,0.44
R3_BASE,GlyRS_REDUCED_SLOW,CONS_003,SOURCE_GENERAL_EXACT_CONSERVATION,1.262177448353619e-29,80.0
R3_BASE,GlyRS_REDUCED_SLOW,CONS_004,SOURCE_GENERAL_EXACT_CONSERVATION,6.532754371361504e-31,13.0
R3_BASE,GlyRS_REDUCED_SLOW,CONS_005,SOURCE_GENERAL_EXACT_CONSERVATION,2.8596207814261678e-30,4.3
R3_BASE,GlyRS_REDUCED_SLOW,CONS_006,SOURCE_GENERAL_EXACT_CONSERVATION,1.262177448353619e-29,99.0
R3_BASE,GlyRS_REDUCED_SLOW,CONS_007,SOURCE_GENERAL_EXACT_CONSERVATION,1.5777218104420236e-30,4.1
R3_BASE,GlyRS_REDUCED_SLOW,CONS_008,SOURCE_GENERAL_EXACT_CONSERVATION,3.1554436208840472e-30,4.9
R3_BASE,GlyRS_REDUCED_SLOW,CONS_009,SOURCE_GENERAL_EXACT_CONSERVATION,1.232595164407831e-31,0.2
R3_BASE,GlyRS_REDUCED_SLOW,CONS_010,SOURCE_GENERAL_EXACT_CONSERVATION,7.812053336920725e-32,0.2
R3_BASE,GlyRS_REDUCED_SLOW,CONS_011,SOURCE_GENERAL_EXACT_CONSERVATION,1.8934030654440697e-31,0.7
R3_BASE,GlyRS_REDUCED_SLOW,CONS_012,SOURCE_GENERAL_EXACT_CONSERVATION,2.524354896707238e-29,16.0
R3_BASE,GlyRS_REDUCED_SLOW,CONS_013,SOURCE_GENERAL_EXACT_CONSERVATION,1.8318679906315083e-15,30.0
R3_BASE,GlyRS_REDUCED_SLOW,CONS_014,SOURCE_GENERAL_EXACT_CONSERVATION,1.3755815063409838e-17,1.8
R3_BASE,GlyRS_REDUCED_SLOW,CONS_015,SOURCE_GENERAL_EXACT_CONSERVATION,7.888609052210118e-31,5.6
R3_BASE,GlyRS_REDUCED_SLOW,CONS_016,SOURCE_GENERAL_EXACT_CONSERVATION,0.0,0.16
R3_BASE,GlyRS_REDUCED_SLOW,CONS_017,SOURCE_GENERAL_EXACT_CONSERVATION,2.2199039481640703e-16,2.4
R3_BASE,GlyRS_REDUCED_SLOW,CONS_018,SOURCE_GENERAL_EXACT_CONSERVATION,1.7735423606747612e-15,50000.0
R3_BASE,GlyRS_REDUCED_SLOW,CONS_019,SOURCE_GENERAL_EXACT_CONSERVATION,3.1554436208840472e-30,124.4498943
R3_BASE,GlyRS_REDUCED_SLOW,CONS_020,SOURCE_GENERAL_EXACT_CONSERVATION,7.888609052210118e-31,2.9
R3_BASE,GlyRS_REDUCED_SLOW,CONS_021,SOURCE_GENERAL_EXACT_CONSERVATION,1.3756019137886632e-17,-2409.3
R3_BASE,GlyRS_REDUCED_SLOW,CONS_022,SOURCE_GENERAL_EXACT_CONSERVATION,4.0389678347315804e-28,-293.25465632
R3_BASE,GlyRS_REDUCED_SLOW,CONS_023,SOURCE_GENERAL_EXACT_CONSERVATION,4.0389678347315804e-28,299.65
R3_BASE,GlyRS_REDUCED_SLOW,CONS_024,SOURCE_GENERAL_EXACT_CONSERVATION,1.3355748223872924e-29,-167.79232816
R3_BASE,GlyRS_REDUCED_SLOW,CONS_025,SOURCE_GENERAL_EXACT_CONSERVATION,4.0389678347315804e-28,-63.69465632
R3_BASE,GlyRS_REDUCED_SLOW,CONS_026,SOURCE_GENERAL_EXACT_CONSERVATION,4.0389678347315804e-28,-66.59465632
R3_BASE,GlyRS_REDUCED_SLOW,CONS_027,SOURCE_GENERAL_EXACT_CONSERVATION,2.202285662891744e-19,193.46534368
R3_BASE,MetRS_REDUCED_SLOW,CONS_001,SOURCE_GENERAL_EXACT_CONSERVATION,0.0,0.35
R3_BASE,MetRS_REDUCED_SLOW,CONS_002,SOURCE_GENERAL_EXACT_CONSERVATION,0.0,0.44
R3_BASE,MetRS_REDUCED_SLOW,CONS_003,SOURCE_GENERAL_EXACT_CONSERVATION,1.2592945672065581e-29,80.0
R3_BASE,MetRS_REDUCED_SLOW,CONS_004,SOURCE_GENERAL_EXACT_CONSERVATION,3.944304526105059e-31,13.0
R3_BASE,MetRS_REDUCED_SLOW,CONS_005,SOURCE_GENERAL_EXACT_CONSERVATION,3.1554436208840472e-30,4.3
R3_BASE,MetRS_REDUCED_SLOW,CONS_006,SOURCE_GENERAL_EXACT_CONSERVATION,1.1832913578315177e-29,99.0
R3_BASE,MetRS_REDUCED_SLOW,CONS_007,SOURCE_GENERAL_EXACT_CONSERVATION,1.5777218104420236e-30,4.1
R3_BASE,MetRS_REDUCED_SLOW,CONS_008,SOURCE_GENERAL_EXACT_CONSERVATION,3.1554436208840472e-30,4.9
R3_BASE,MetRS_REDUCED_SLOW,CONS_009,SOURCE_GENERAL_EXACT_CONSERVATION,1.6261770041365912e-31,0.2
R3_BASE,MetRS_REDUCED_SLOW,CONS_010,SOURCE_GENERAL_EXACT_CONSERVATION,2.9326496375049013e-31,0.2
R3_BASE,MetRS_REDUCED_SLOW,CONS_011,SOURCE_GENERAL_EXACT_CONSERVATION,3.944304526105059e-31,0.7
R3_BASE,MetRS_REDUCED_SLOW,CONS_012,SOURCE_GENERAL_EXACT_CONSERVATION,1.262177448353619e-29,16.0
R3_BASE,MetRS_REDUCED_SLOW,CONS_013,SOURCE_GENERAL_EXACT_CONSERVATION,1.813441318259583e-15,30.0
R3_BASE,MetRS_REDUCED_SLOW,CONS_014,SOURCE_GENERAL_EXACT_CONSERVATION,1.3877787807386871e-17,1.8
R3_BASE,MetRS_REDUCED_SLOW,CONS_015,SOURCE_GENERAL_EXACT_CONSERVATION,0.0,5.6
R3_BASE,MetRS_REDUCED_SLOW,CONS_016,SOURCE_GENERAL_EXACT_CONSERVATION,0.0,0.16
R3_BASE,MetRS_REDUCED_SLOW,CONS_017,SOURCE_GENERAL_EXACT_CONSERVATION,2.2115352626451978e-16,2.4
R3_BASE,MetRS_REDUCED_SLOW,CONS_018,SOURCE_GENERAL_EXACT_CONSERVATION,1.7548266383095854e-15,50000.0
R3_BASE,MetRS_REDUCED_SLOW,CONS_019,SOURCE_GENERAL_EXACT_CONSERVATION,0.0,124.4498943
R3_BASE,MetRS_REDUCED_SLOW,CONS_020,SOURCE_GENERAL_EXACT_CONSERVATION,1.5777218104420236e-30,2.9
R3_BASE,MetRS_REDUCED_SLOW,CONS_021,SOURCE_GENERAL_EXACT_CONSERVATION,1.3772928888752547e-17,-2409.3
R3_BASE,MetRS_REDUCED_SLOW,CONS_022,SOURCE_GENERAL_EXACT_CONSERVATION,4.419095729721959e-28,-293.25465632
R3_BASE,MetRS_REDUCED_SLOW,CONS_023,SOURCE_GENERAL_EXACT_CONSERVATION,4.0389678347315804e-28,299.65
R3_BASE,MetRS_REDUCED_SLOW,CONS_024,SOURCE_GENERAL_EXACT_CONSERVATION,1.685265738536607e-29,-167.79232816
R3_BASE,MetRS_REDUCED_SLOW,CONS_025,SOURCE_GENERAL_EXACT_CONSERVATION,3.597205727337616e-28,-63.69465632
R3_BASE,MetRS_REDUCED_SLOW,CONS_026,SOURCE_GENERAL_EXACT_CONSERVATION,3.5962462810902122e-28,-66.59465632
R3_BASE,MetRS_REDUCED_SLOW,CONS_027,SOURCE_GENERAL_EXACT_CONSERVATION,2.2361669805860474e-19,193.46534368
R3_GLYRS_LOW,SOURCE_PRIMARY,CONS_001,SOURCE_GENERAL_EXACT_CONSERVATION,8.328970923302591e-17,0.034999999999999996
R3_GLYRS_LOW,SOURCE_PRIMARY,CONS_002,SOURCE_GENERAL_EXACT_CONSERVATION,1.3160882340218211e-15,0.44
R3_GLYRS_LOW,SOURCE_PRIMARY,CONS_003,SOURCE_GENERAL_EXACT_CONSERVATION,4.611251447551217e-13,80.0
R3_GLYRS_LOW,SOURCE_PRIMARY,CONS_004,SOURCE_GENERAL_EXACT_CONSERVATION,3.0933589023618424e-14,13.0
R3_GLYRS_LOW,SOURCE_PRIMARY,CONS_005,SOURCE_GENERAL_EXACT_CONSERVATION,1.055137472377436e-14,4.3
R3_GLYRS_LOW,SOURCE_PRIMARY,CONS_006,SOURCE_GENERAL_EXACT_CONSERVATION,2.1924461027529423e-13,99.0
R3_GLYRS_LOW,SOURCE_PRIMARY,CONS_007,SOURCE_GENERAL_EXACT_CONSERVATION,2.146281350588656e-14,4.1
R3_GLYRS_LOW,SOURCE_PRIMARY,CONS_008,SOURCE_GENERAL_EXACT_CONSERVATION,1.222879013791482e-14,4.9
R3_GLYRS_LOW,SOURCE_PRIMARY,CONS_009,SOURCE_GENERAL_EXACT_CONSERVATION,2.4076064492756233e-16,0.2
R3_GLYRS_LOW,SOURCE_PRIMARY,CONS_010,SOURCE_GENERAL_EXACT_CONSERVATION,3.426983072725388e-16,0.2
R3_GLYRS_LOW,SOURCE_PRIMARY,CONS_011,SOURCE_GENERAL_EXACT_CONSERVATION,1.5253243210471057e-15,0.7
R3_GLYRS_LOW,SOURCE_PRIMARY,CONS_012,SOURCE_GENERAL_EXACT_CONSERVATION,1.2521830316728706e-14,16.0
R3_GLYRS_LOW,SOURCE_PRIMARY,CONS_013,SOURCE_GENERAL_EXACT_CONSERVATION,5.49074674616179e-14,30.0
R3_GLYRS_LOW,SOURCE_PRIMARY,CONS_014,SOURCE_GENERAL_EXACT_CONSERVATION,3.9300160348254565e-15,1.8
R3_GLYRS_LOW,SOURCE_PRIMARY,CONS_015,SOURCE_GENERAL_EXACT_CONSERVATION,1.8624159585885268e-14,5.6
R3_GLYRS_LOW,SOURCE_PRIMARY,CONS_016,SOURCE_GENERAL_EXACT_CONSERVATION,6.992832961988382e-16,0.16
R3_GLYRS_LOW,SOURCE_PRIMARY,CONS_017,SOURCE_GENERAL_EXACT_CONSERVATION,9.137642357180675e-15,2.4
R3_GLYRS_LOW,SOURCE_PRIMARY,CONS_018,SOURCE_GENERAL_EXACT_CONSERVATION,1.7428299255162205e-10,50000.0
R3_GLYRS_LOW,SOURCE_PRIMARY,CONS_019,SOURCE_GENERAL_EXACT_CONSERVATION,3.6197199353347705e-13,124.4498943
R3_GLYRS_LOW,SOURCE_PRIMARY,CONS_020,SOURCE_GENERAL_EXACT_CONSERVATION,7.40756410040002e-15,2.9
R3_GLYRS_LOW,SOURCE_PRIMARY,CONS_021,SOURCE_GENERAL_EXACT_CONSERVATION,4.567809197199792e-12,-2409.3
R3_GLYRS_LOW,SOURCE_PRIMARY,CONS_022,SOURCE_GENERAL_EXACT_CONSERVATION,2.300199608570218e-12,-292.93965632
R3_GLYRS_LOW,SOURCE_PRIMARY,CONS_023,SOURCE_GENERAL_EXACT_CONSERVATION,1.4304024138116558e-12,299.965
R3_GLYRS_LOW,SOURCE_PRIMARY,CONS_024,SOURCE_GENERAL_EXACT_CONSERVATION,4.448875094913172e-13,-167.79232816
R3_GLYRS_LOW,SOURCE_PRIMARY,CONS_025,SOURCE_GENERAL_EXACT_CONSERVATION,4.810581003019057e-13,-63.37965632
R3_GLYRS_LOW,SOURCE_PRIMARY,CONS_026,SOURCE_GENERAL_EXACT_CONSERVATION,4.7836236052062e-13,-66.27965632
R3_GLYRS_LOW,SOURCE_PRIMARY,CONS_027,SOURCE_GENERAL_EXACT_CONSERVATION,7.709458783368422e-13,193.78034368
R3_GLYRS_LOW,SOURCE_UNCERTAINTY,CONS_001,SOURCE_GENERAL_EXACT_CONSERVATION,6.626345363815292e-17,0.034999999999999996
R3_GLYRS_LOW,SOURCE_UNCERTAINTY,CONS_002,SOURCE_GENERAL_EXACT_CONSERVATION,6.974560401636382e-16,0.44
R3_GLYRS_LOW,SOURCE_UNCERTAINTY,CONS_003,SOURCE_GENERAL_EXACT_CONSERVATION,1.068878321559808e-13,80.0
R3_GLYRS_LOW,SOURCE_UNCERTAINTY,CONS_004,SOURCE_GENERAL_EXACT_CONSERVATION,3.9468428525424315e-14,13.0
R3_GLYRS_LOW,SOURCE_UNCERTAINTY,CONS_005,SOURCE_GENERAL_EXACT_CONSERVATION,1.7085219454022535e-14,4.3
R3_GLYRS_LOW,SOURCE_UNCERTAINTY,CONS_006,SOURCE_GENERAL_EXACT_CONSERVATION,1.5788946675886294e-13,99.0
R3_GLYRS_LOW,SOURCE_UNCERTAINTY,CONS_007,SOURCE_GENERAL_EXACT_CONSERVATION,1.0121394592580826e-14,4.1
R3_GLYRS_LOW,SOURCE_UNCERTAINTY,CONS_008,SOURCE_GENERAL_EXACT_CONSERVATION,1.2341087992907302e-14,4.9
R3_GLYRS_LOW,SOURCE_UNCERTAINTY,CONS_009,SOURCE_GENERAL_EXACT_CONSERVATION,1.7777654551915344e-16,0.2
R3_GLYRS_LOW,SOURCE_UNCERTAINTY,CONS_010,SOURCE_GENERAL_EXACT_CONSERVATION,3.3299665659248406e-16,0.2
R3_GLYRS_LOW,SOURCE_UNCERTAINTY,CONS_011,SOURCE_GENERAL_EXACT_CONSERVATION,1.3422606841727213e-15,0.7
R3_GLYRS_LOW,SOURCE_UNCERTAINTY,CONS_012,SOURCE_GENERAL_EXACT_CONSERVATION,2.9627729340264784e-14,16.0
R3_GLYRS_LOW,SOURCE_UNCERTAINTY,CONS_013,SOURCE_GENERAL_EXACT_CONSERVATION,4.429854920384724e-14,30.0
R3_GLYRS_LOW,SOURCE_UNCERTAINTY,CONS_014,SOURCE_GENERAL_EXACT_CONSERVATION,1.8231943732516243e-15,1.8
R3_GLYRS_LOW,SOURCE_UNCERTAINTY,CONS_015,SOURCE_GENERAL_EXACT_CONSERVATION,8.165859966267417e-15,5.6
R3_GLYRS_LOW,SOURCE_UNCERTAINTY,CONS_016,SOURCE_GENERAL_EXACT_CONSERVATION,6.692780010753019e-16,0.16
R3_GLYRS_LOW,SOURCE_UNCERTAINTY,CONS_017,SOURCE_GENERAL_EXACT_CONSERVATION,7.884791689732103e-15,2.4
R3_GLYRS_LOW,SOURCE_UNCERTAINTY,CONS_018,SOURCE_GENERAL_EXACT_CONSERVATION,8.642855875429234e-11,50000.0
R3_GLYRS_LOW,SOURCE_UNCERTAINTY,CONS_019,SOURCE_GENERAL_EXACT_CONSERVATION,9.119621604172898e-14,124.4498943
R3_GLYRS_LOW,SOURCE_UNCERTAINTY,CONS_020,SOURCE_GENERAL_EXACT_CONSERVATION,3.839670787351676e-15,2.9
R3_GLYRS_LOW,SOURCE_UNCERTAINTY,CONS_021,SOURCE_GENERAL_EXACT_CONSERVATION,5.791433449565871e-12,-2409.3
R3_GLYRS_LOW,SOURCE_UNCERTAINTY,CONS_022,SOURCE_GENERAL_EXACT_CONSERVATION,1.6022922010926003e-12,-292.93965632
R3_GLYRS_LOW,SOURCE_UNCERTAINTY,CONS_023,SOURCE_GENERAL_EXACT_CONSERVATION,7.405193284840045e-13,299.965
R3_GLYRS_LOW,SOURCE_UNCERTAINTY,CONS_024,SOURCE_GENERAL_EXACT_CONSERVATION,2.39977334860308e-13,-167.79232816
R3_GLYRS_LOW,SOURCE_UNCERTAINTY,CONS_025,SOURCE_GENERAL_EXACT_CONSERVATION,1.2149531813587914e-13,-63.37965632
R3_GLYRS_LOW,SOURCE_UNCERTAINTY,CONS_026,SOURCE_GENERAL_EXACT_CONSERVATION,1.2144666000783895e-13,-66.27965632
R3_GLYRS_LOW,SOURCE_UNCERTAINTY,CONS_027,SOURCE_GENERAL_EXACT_CONSERVATION,5.778001968344379e-13,193.78034368
R3_GLYRS_LOW,GlyRS_REDUCED_SLOW,CONS_001,SOURCE_GENERAL_EXACT_CONSERVATION,1.2037062152420224e-35,0.034999999999999996
R3_GLYRS_LOW,GlyRS_REDUCED_SLOW,CONS_002,SOURCE_GENERAL_EXACT_CONSERVATION,0.0,0.44
R3_GLYRS_LOW,GlyRS_REDUCED_SLOW,CONS_003,SOURCE_GENERAL_EXACT_CONSERVATION,1.262177448353619e-29,80.0
R3_GLYRS_LOW,GlyRS_REDUCED_SLOW,CONS_004,SOURCE_GENERAL_EXACT_CONSERVATION,1.4421363423571622e-30,13.0
R3_GLYRS_LOW,GlyRS_REDUCED_SLOW,CONS_005,SOURCE_GENERAL_EXACT_CONSERVATION,7.372579581603369e-31,4.3
R3_GLYRS_LOW,GlyRS_REDUCED_SLOW,CONS_006,SOURCE_GENERAL_EXACT_CONSERVATION,6.2537640523591125e-30,99.0
R3_GLYRS_LOW,GlyRS_REDUCED_SLOW,CONS_007,SOURCE_GENERAL_EXACT_CONSERVATION,3.1554436208840472e-30,4.1
R3_GLYRS_LOW,GlyRS_REDUCED_SLOW,CONS_008,SOURCE_GENERAL_EXACT_CONSERVATION,2.6500796034768365e-30,4.9
R3_GLYRS_LOW,GlyRS_REDUCED_SLOW,CONS_009,SOURCE_GENERAL_EXACT_CONSERVATION,1.9721522630525295e-31,0.2
R3_GLYRS_LOW,GlyRS_REDUCED_SLOW,CONS_010,SOURCE_GENERAL_EXACT_CONSERVATION,1.6023737137301802e-31,0.2
R3_GLYRS_LOW,GlyRS_REDUCED_SLOW,CONS_011,SOURCE_GENERAL_EXACT_CONSERVATION,9.860761315262648e-32,0.7
R3_GLYRS_LOW,GlyRS_REDUCED_SLOW,CONS_012,SOURCE_GENERAL_EXACT_CONSERVATION,2.524354896707238e-29,16.0
R3_GLYRS_LOW,GlyRS_REDUCED_SLOW,CONS_013,SOURCE_GENERAL_EXACT_CONSERVATION,1.8553206388750854e-15,30.0
R3_GLYRS_LOW,GlyRS_REDUCED_SLOW,CONS_014,SOURCE_GENERAL_EXACT_CONSERVATION,1.387778780748509e-17,1.8
R3_GLYRS_LOW,GlyRS_REDUCED_SLOW,CONS_015,SOURCE_GENERAL_EXACT_CONSERVATION,3.944304526105059e-31,5.6
R3_GLYRS_LOW,GlyRS_REDUCED_SLOW,CONS_016,SOURCE_GENERAL_EXACT_CONSERVATION,0.0,0.16
R3_GLYRS_LOW,GlyRS_REDUCED_SLOW,CONS_017,SOURCE_GENERAL_EXACT_CONSERVATION,2.2174750811878186e-16,2.4
R3_GLYRS_LOW,GlyRS_REDUCED_SLOW,CONS_018,SOURCE_GENERAL_EXACT_CONSERVATION,1.7586098050893784e-15,50000.0
R3_GLYRS_LOW,GlyRS_REDUCED_SLOW,CONS_019,SOURCE_GENERAL_EXACT_CONSERVATION,1.262177448353619e-29,124.4498943
R3_GLYRS_LOW,GlyRS_REDUCED_SLOW,CONS_020,SOURCE_GENERAL_EXACT_CONSERVATION,7.765349535769335e-31,2.9
R3_GLYRS_LOW,GlyRS_REDUCED_SLOW,CONS_021,SOURCE_GENERAL_EXACT_CONSERVATION,1.3760752363271584e-17,-2409.3
R3_GLYRS_LOW,GlyRS_REDUCED_SLOW,CONS_022,SOURCE_GENERAL_EXACT_CONSERVATION,3.0923347484663663e-28,-292.93965632
R3_GLYRS_LOW,GlyRS_REDUCED_SLOW,CONS_023,SOURCE_GENERAL_EXACT_CONSERVATION,2.175799358101979e-28,299.965
R3_GLYRS_LOW,GlyRS_REDUCED_SLOW,CONS_024,SOURCE_GENERAL_EXACT_CONSERVATION,1.541283215894217e-29,-167.79232816
R3_GLYRS_LOW,GlyRS_REDUCED_SLOW,CONS_025,SOURCE_GENERAL_EXACT_CONSERVATION,2.2166996251535293e-28,-63.37965632
R3_GLYRS_LOW,GlyRS_REDUCED_SLOW,CONS_026,SOURCE_GENERAL_EXACT_CONSERVATION,2.2149095033628767e-28,-66.27965632
R3_GLYRS_LOW,GlyRS_REDUCED_SLOW,CONS_027,SOURCE_GENERAL_EXACT_CONSERVATION,2.202285663040831e-19,193.78034368
R3_GLYRS_LOW,MetRS_REDUCED_SLOW,CONS_001,SOURCE_GENERAL_EXACT_CONSERVATION,0.0,0.034999999999999996
R3_GLYRS_LOW,MetRS_REDUCED_SLOW,CONS_002,SOURCE_GENERAL_EXACT_CONSERVATION,0.0,0.44
R3_GLYRS_LOW,MetRS_REDUCED_SLOW,CONS_003,SOURCE_GENERAL_EXACT_CONSERVATION,1.262177448353619e-29,80.0
R3_GLYRS_LOW,MetRS_REDUCED_SLOW,CONS_004,SOURCE_GENERAL_EXACT_CONSERVATION,7.272311470006203e-31,13.0
R3_GLYRS_LOW,MetRS_REDUCED_SLOW,CONS_005,SOURCE_GENERAL_EXACT_CONSERVATION,5.225017549626542e-31,4.3
R3_GLYRS_LOW,MetRS_REDUCED_SLOW,CONS_006,SOURCE_GENERAL_EXACT_CONSERVATION,2.524354896707238e-29,99.0
R3_GLYRS_LOW,MetRS_REDUCED_SLOW,CONS_007,SOURCE_GENERAL_EXACT_CONSERVATION,1.5777218104420236e-30,4.1
R3_GLYRS_LOW,MetRS_REDUCED_SLOW,CONS_008,SOURCE_GENERAL_EXACT_CONSERVATION,1.5777218104420236e-30,4.9
R3_GLYRS_LOW,MetRS_REDUCED_SLOW,CONS_009,SOURCE_GENERAL_EXACT_CONSERVATION,9.340760230278094e-32,0.2
R3_GLYRS_LOW,MetRS_REDUCED_SLOW,CONS_010,SOURCE_GENERAL_EXACT_CONSERVATION,9.55261252416069e-32,0.2
R3_GLYRS_LOW,MetRS_REDUCED_SLOW,CONS_011,SOURCE_GENERAL_EXACT_CONSERVATION,1.8508186765561337e-31,0.7
R3_GLYRS_LOW,MetRS_REDUCED_SLOW,CONS_012,SOURCE_GENERAL_EXACT_CONSERVATION,2.1890890119883078e-29,16.0
R3_GLYRS_LOW,MetRS_REDUCED_SLOW,CONS_013,SOURCE_GENERAL_EXACT_CONSERVATION,1.859047139382059e-15,30.0
R3_GLYRS_LOW,MetRS_REDUCED_SLOW,CONS_014,SOURCE_GENERAL_EXACT_CONSERVATION,1.387778781082143e-17,1.8
R3_GLYRS_LOW,MetRS_REDUCED_SLOW,CONS_015,SOURCE_GENERAL_EXACT_CONSERVATION,0.0,5.6
R3_GLYRS_LOW,MetRS_REDUCED_SLOW,CONS_016,SOURCE_GENERAL_EXACT_CONSERVATION,0.0,0.16
R3_GLYRS_LOW,MetRS_REDUCED_SLOW,CONS_017,SOURCE_GENERAL_EXACT_CONSERVATION,2.215702664745689e-16,2.4
R3_GLYRS_LOW,MetRS_REDUCED_SLOW,CONS_018,SOURCE_GENERAL_EXACT_CONSERVATION,1.7738679986339573e-15,50000.0
R3_GLYRS_LOW,MetRS_REDUCED_SLOW,CONS_019,SOURCE_GENERAL_EXACT_CONSERVATION,0.0,124.4498943
R3_GLYRS_LOW,MetRS_REDUCED_SLOW,CONS_020,SOURCE_GENERAL_EXACT_CONSERVATION,7.888609052210118e-31,2.9
R3_GLYRS_LOW,MetRS_REDUCED_SLOW,CONS_021,SOURCE_GENERAL_EXACT_CONSERVATION,1.3869081042506246e-17,-2409.3
R3_GLYRS_LOW,MetRS_REDUCED_SLOW,CONS_022,SOURCE_GENERAL_EXACT_CONSERVATION,4.0389678347315804e-28,-292.93965632
R3_GLYRS_LOW,MetRS_REDUCED_SLOW,CONS_023,SOURCE_GENERAL_EXACT_CONSERVATION,4.0389678347315804e-28,299.965
R3_GLYRS_LOW,MetRS_REDUCED_SLOW,CONS_024,SOURCE_GENERAL_EXACT_CONSERVATION,2.721570123012491e-29,-167.79232816
R3_GLYRS_LOW,MetRS_REDUCED_SLOW,CONS_025,SOURCE_GENERAL_EXACT_CONSERVATION,4.0389678347315804e-28,-63.37965632
R3_GLYRS_LOW,MetRS_REDUCED_SLOW,CONS_026,SOURCE_GENERAL_EXACT_CONSERVATION,4.0389678347315804e-28,-66.27965632
R3_GLYRS_LOW,MetRS_REDUCED_SLOW,CONS_027,SOURCE_GENERAL_EXACT_CONSERVATION,2.219226321657183e-19,193.78034368
R3_GLYRS_HIGH,SOURCE_PRIMARY,CONS_001,SOURCE_GENERAL_EXACT_CONSERVATION,5.8167785367026215e-15,3.5
R3_GLYRS_HIGH,SOURCE_PRIMARY,CONS_002,SOURCE_GENERAL_EXACT_CONSERVATION,1.2589122552491666e-15,0.44
R3_GLYRS_HIGH,SOURCE_PRIMARY,CONS_003,SOURCE_GENERAL_EXACT_CONSERVATION,1.7519322648533166e-13,80.0
R3_GLYRS_HIGH,SOURCE_PRIMARY,CONS_004,SOURCE_GENERAL_EXACT_CONSERVATION,1.4157078287446723e-14,13.0
R3_GLYRS_HIGH,SOURCE_PRIMARY,CONS_005,SOURCE_GENERAL_EXACT_CONSERVATION,2.7896491616624165e-14,4.3
R3_GLYRS_HIGH,SOURCE_PRIMARY,CONS_006,SOURCE_GENERAL_EXACT_CONSERVATION,2.721493199690812e-13,99.0
R3_GLYRS_HIGH,SOURCE_PRIMARY,CONS_007,SOURCE_GENERAL_EXACT_CONSERVATION,9.406750520926885e-15,4.1
R3_GLYRS_HIGH,SOURCE_PRIMARY,CONS_008,SOURCE_GENERAL_EXACT_CONSERVATION,1.6462956790456516e-14,4.9
R3_GLYRS_HIGH,SOURCE_PRIMARY,CONS_009,SOURCE_GENERAL_EXACT_CONSERVATION,3.850840477113808e-16,0.2
R3_GLYRS_HIGH,SOURCE_PRIMARY,CONS_010,SOURCE_GENERAL_EXACT_CONSERVATION,2.4309760882903694e-16,0.2
R3_GLYRS_HIGH,SOURCE_PRIMARY,CONS_011,SOURCE_GENERAL_EXACT_CONSERVATION,1.5400305170010788e-15,0.7
R3_GLYRS_HIGH,SOURCE_PRIMARY,CONS_012,SOURCE_GENERAL_EXACT_CONSERVATION,4.0579032202023756e-14,16.0
R3_GLYRS_HIGH,SOURCE_PRIMARY,CONS_013,SOURCE_GENERAL_EXACT_CONSERVATION,7.16093850883226e-14,30.0
R3_GLYRS_HIGH,SOURCE_PRIMARY,CONS_014,SOURCE_GENERAL_EXACT_CONSERVATION,4.072767344459171e-15,1.8
R3_GLYRS_HIGH,SOURCE_PRIMARY,CONS_015,SOURCE_GENERAL_EXACT_CONSERVATION,1.6688134706586977e-14,5.6
R3_GLYRS_HIGH,SOURCE_PRIMARY,CONS_016,SOURCE_GENERAL_EXACT_CONSERVATION,6.542075908777534e-16,0.16
R3_GLYRS_HIGH,SOURCE_PRIMARY,CONS_017,SOURCE_GENERAL_EXACT_CONSERVATION,5.499046313792166e-15,2.4
R3_GLYRS_HIGH,SOURCE_PRIMARY,CONS_018,SOURCE_GENERAL_EXACT_CONSERVATION,8.823774545231589e-11,50000.0
R3_GLYRS_HIGH,SOURCE_PRIMARY,CONS_019,SOURCE_GENERAL_EXACT_CONSERVATION,1.7285808526342612e-13,124.4498943
R3_GLYRS_HIGH,SOURCE_PRIMARY,CONS_020,SOURCE_GENERAL_EXACT_CONSERVATION,8.129750097599165e-15,2.9
R3_GLYRS_HIGH,SOURCE_PRIMARY,CONS_021,SOURCE_GENERAL_EXACT_CONSERVATION,4.674985706866285e-12,-2409.3
R3_GLYRS_HIGH,SOURCE_PRIMARY,CONS_022,SOURCE_GENERAL_EXACT_CONSERVATION,3.333689347722515e-12,-296.40465632
R3_GLYRS_HIGH,SOURCE_PRIMARY,CONS_023,SOURCE_GENERAL_EXACT_CONSERVATION,1.1820160032246763e-12,296.5
R3_GLYRS_HIGH,SOURCE_PRIMARY,CONS_024,SOURCE_GENERAL_EXACT_CONSERVATION,4.1354412059469367e-13,-167.79232816
R3_GLYRS_HIGH,SOURCE_PRIMARY,CONS_025,SOURCE_GENERAL_EXACT_CONSERVATION,1.6682244621430543e-13,-66.84465632
R3_GLYRS_HIGH,SOURCE_PRIMARY,CONS_026,SOURCE_GENERAL_EXACT_CONSERVATION,1.660155337353368e-13,-69.74465632
R3_GLYRS_HIGH,SOURCE_PRIMARY,CONS_027,SOURCE_GENERAL_EXACT_CONSERVATION,1.3897060678592895e-12,190.31534368
R3_GLYRS_HIGH,SOURCE_UNCERTAINTY,CONS_001,SOURCE_GENERAL_EXACT_CONSERVATION,4.9204420151239675e-15,3.5
R3_GLYRS_HIGH,SOURCE_UNCERTAINTY,CONS_002,SOURCE_GENERAL_EXACT_CONSERVATION,6.556177659044919e-16,0.44
R3_GLYRS_HIGH,SOURCE_UNCERTAINTY,CONS_003,SOURCE_GENERAL_EXACT_CONSERVATION,1.470781199962788e-13,80.0
R3_GLYRS_HIGH,SOURCE_UNCERTAINTY,CONS_004,SOURCE_GENERAL_EXACT_CONSERVATION,1.927104309462635e-14,13.0
R3_GLYRS_HIGH,SOURCE_UNCERTAINTY,CONS_005,SOURCE_GENERAL_EXACT_CONSERVATION,6.008483941318345e-15,4.3
R3_GLYRS_HIGH,SOURCE_UNCERTAINTY,CONS_006,SOURCE_GENERAL_EXACT_CONSERVATION,7.549219388176833e-14,99.0
R3_GLYRS_HIGH,SOURCE_UNCERTAINTY,CONS_007,SOURCE_GENERAL_EXACT_CONSERVATION,5.650876902831094e-15,4.1
R3_GLYRS_HIGH,SOURCE_UNCERTAINTY,CONS_008,SOURCE_GENERAL_EXACT_CONSERVATION,1.5505124196541816e-14,4.9
R3_GLYRS_HIGH,SOURCE_UNCERTAINTY,CONS_009,SOURCE_GENERAL_EXACT_CONSERVATION,3.5609858025633864e-16,0.2
R3_GLYRS_HIGH,SOURCE_UNCERTAINTY,CONS_010,SOURCE_GENERAL_EXACT_CONSERVATION,3.8605051230419796e-16,0.2
R3_GLYRS_HIGH,SOURCE_UNCERTAINTY,CONS_011,SOURCE_GENERAL_EXACT_CONSERVATION,8.176547702910653e-16,0.7
R3_GLYRS_HIGH,SOURCE_UNCERTAINTY,CONS_012,SOURCE_GENERAL_EXACT_CONSERVATION,3.231667672417974e-14,16.0
R3_GLYRS_HIGH,SOURCE_UNCERTAINTY,CONS_013,SOURCE_GENERAL_EXACT_CONSERVATION,3.493537924226242e-14,30.0
R3_GLYRS_HIGH,SOURCE_UNCERTAINTY,CONS_014,SOURCE_GENERAL_EXACT_CONSERVATION,6.572867250476122e-15,1.8
R3_GLYRS_HIGH,SOURCE_UNCERTAINTY,CONS_015,SOURCE_GENERAL_EXACT_CONSERVATION,6.39515973814217e-15,5.6
R3_GLYRS_HIGH,SOURCE_UNCERTAINTY,CONS_016,SOURCE_GENERAL_EXACT_CONSERVATION,4.128641872824801e-16,0.16
R3_GLYRS_HIGH,SOURCE_UNCERTAINTY,CONS_017,SOURCE_GENERAL_EXACT_CONSERVATION,4.838055377636359e-15,2.4
R3_GLYRS_HIGH,SOURCE_UNCERTAINTY,CONS_018,SOURCE_GENERAL_EXACT_CONSERVATION,5.3077925735167675e-11,50000.0
R3_GLYRS_HIGH,SOURCE_UNCERTAINTY,CONS_019,SOURCE_GENERAL_EXACT_CONSERVATION,2.743072657954398e-13,124.4498943
R3_GLYRS_HIGH,SOURCE_UNCERTAINTY,CONS_020,SOURCE_GENERAL_EXACT_CONSERVATION,4.058946858145356e-15,2.9
R3_GLYRS_HIGH,SOURCE_UNCERTAINTY,CONS_021,SOURCE_GENERAL_EXACT_CONSERVATION,7.876901251667805e-12,-2409.3
R3_GLYRS_HIGH,SOURCE_UNCERTAINTY,CONS_022,SOURCE_GENERAL_EXACT_CONSERVATION,8.673369128969769e-13,-296.40465632
R3_GLYRS_HIGH,SOURCE_UNCERTAINTY,CONS_023,SOURCE_GENERAL_EXACT_CONSERVATION,1.0379396554140863e-12,296.5
R3_GLYRS_HIGH,SOURCE_UNCERTAINTY,CONS_024,SOURCE_GENERAL_EXACT_CONSERVATION,1.8602770202295203e-13,-167.79232816
R3_GLYRS_HIGH,SOURCE_UNCERTAINTY,CONS_025,SOURCE_GENERAL_EXACT_CONSERVATION,1.4627113620185735e-13,-66.84465632
R3_GLYRS_HIGH,SOURCE_UNCERTAINTY,CONS_026,SOURCE_GENERAL_EXACT_CONSERVATION,1.4442152200132405e-13,-69.74465632
R3_GLYRS_HIGH,SOURCE_UNCERTAINTY,CONS_027,SOURCE_GENERAL_EXACT_CONSERVATION,1.2148207856367077e-12,190.31534368
R3_GLYRS_HIGH,GlyRS_REDUCED_SLOW,CONS_001,SOURCE_GENERAL_EXACT_CONSERVATION,6.186949187737949e-33,3.5
R3_GLYRS_HIGH,GlyRS_REDUCED_SLOW,CONS_002,SOURCE_GENERAL_EXACT_CONSERVATION,0.0,0.44
R3_GLYRS_HIGH,GlyRS_REDUCED_SLOW,CONS_003,SOURCE_GENERAL_EXACT_CONSERVATION,1.1980824998044117e-29,80.0
R3_GLYRS_HIGH,GlyRS_REDUCED_SLOW,CONS_004,SOURCE_GENERAL_EXACT_CONSERVATION,7.888609052210118e-31,13.0
R3_GLYRS_HIGH,GlyRS_REDUCED_SLOW,CONS_005,SOURCE_GENERAL_EXACT_CONSERVATION,1.4238402231762263e-30,4.3
R3_GLYRS_HIGH,GlyRS_REDUCED_SLOW,CONS_006,SOURCE_GENERAL_EXACT_CONSERVATION,2.524354896707238e-29,99.0
R3_GLYRS_HIGH,GlyRS_REDUCED_SLOW,CONS_007,SOURCE_GENERAL_EXACT_CONSERVATION,1.5777218104420236e-30,4.1
R3_GLYRS_HIGH,GlyRS_REDUCED_SLOW,CONS_008,SOURCE_GENERAL_EXACT_CONSERVATION,2.3665827156630354e-30,4.9
R3_GLYRS_HIGH,GlyRS_REDUCED_SLOW,CONS_009,SOURCE_GENERAL_EXACT_CONSERVATION,2.465190328815662e-32,0.2
R3_GLYRS_HIGH,GlyRS_REDUCED_SLOW,CONS_010,SOURCE_GENERAL_EXACT_CONSERVATION,4.3053562053669036e-32,0.2
R3_GLYRS_HIGH,GlyRS_REDUCED_SLOW,CONS_011,SOURCE_GENERAL_EXACT_CONSERVATION,1.870334466154967e-31,0.7
R3_GLYRS_HIGH,GlyRS_REDUCED_SLOW,CONS_012,SOURCE_GENERAL_EXACT_CONSERVATION,1.262177448353619e-29,16.0
R3_GLYRS_HIGH,GlyRS_REDUCED_SLOW,CONS_013,SOURCE_GENERAL_EXACT_CONSERVATION,1.819833346516919e-15,30.0
R3_GLYRS_HIGH,GlyRS_REDUCED_SLOW,CONS_014,SOURCE_GENERAL_EXACT_CONSERVATION,1.3877787811584136e-17,1.8
R3_GLYRS_HIGH,GlyRS_REDUCED_SLOW,CONS_015,SOURCE_GENERAL_EXACT_CONSERVATION,0.0,5.6
R3_GLYRS_HIGH,GlyRS_REDUCED_SLOW,CONS_016,SOURCE_GENERAL_EXACT_CONSERVATION,0.0,0.16
R3_GLYRS_HIGH,GlyRS_REDUCED_SLOW,CONS_017,SOURCE_GENERAL_EXACT_CONSERVATION,2.220196015343728e-16,2.4
R3_GLYRS_HIGH,GlyRS_REDUCED_SLOW,CONS_018,SOURCE_GENERAL_EXACT_CONSERVATION,1.7578305347779044e-15,50000.0
R3_GLYRS_HIGH,GlyRS_REDUCED_SLOW,CONS_019,SOURCE_GENERAL_EXACT_CONSERVATION,2.6809014885333632e-30,124.4498943
R3_GLYRS_HIGH,GlyRS_REDUCED_SLOW,CONS_020,SOURCE_GENERAL_EXACT_CONSERVATION,7.642090019328552e-31,2.9
R3_GLYRS_HIGH,GlyRS_REDUCED_SLOW,CONS_021,SOURCE_GENERAL_EXACT_CONSERVATION,1.380442748871134e-17,-2409.3
R3_GLYRS_HIGH,GlyRS_REDUCED_SLOW,CONS_022,SOURCE_GENERAL_EXACT_CONSERVATION,1.672385119068545e-28,-296.40465632
R3_GLYRS_HIGH,GlyRS_REDUCED_SLOW,CONS_023,SOURCE_GENERAL_EXACT_CONSERVATION,2.4609995052566753e-28,296.5
R3_GLYRS_HIGH,GlyRS_REDUCED_SLOW,CONS_024,SOURCE_GENERAL_EXACT_CONSERVATION,2.5194245160496065e-29,-167.79232816
R3_GLYRS_HIGH,GlyRS_REDUCED_SLOW,CONS_025,SOURCE_GENERAL_EXACT_CONSERVATION,3.061766388389052e-28,-66.84465632
R3_GLYRS_HIGH,GlyRS_REDUCED_SLOW,CONS_026,SOURCE_GENERAL_EXACT_CONSERVATION,3.068894821506815e-28,-69.74465632
R3_GLYRS_HIGH,GlyRS_REDUCED_SLOW,CONS_027,SOURCE_GENERAL_EXACT_CONSERVATION,2.2446373101076256e-19,190.31534368
R3_GLYRS_HIGH,MetRS_REDUCED_SLOW,CONS_001,SOURCE_GENERAL_EXACT_CONSERVATION,0.0,3.5
R3_GLYRS_HIGH,MetRS_REDUCED_SLOW,CONS_002,SOURCE_GENERAL_EXACT_CONSERVATION,0.0,0.44
R3_GLYRS_HIGH,MetRS_REDUCED_SLOW,CONS_003,SOURCE_GENERAL_EXACT_CONSERVATION,2.524354896707238e-29,80.0
R3_GLYRS_HIGH,MetRS_REDUCED_SLOW,CONS_004,SOURCE_GENERAL_EXACT_CONSERVATION,7.888609052210118e-31,13.0
R3_GLYRS_HIGH,MetRS_REDUCED_SLOW,CONS_005,SOURCE_GENERAL_EXACT_CONSERVATION,7.130955169039061e-31,4.3
R3_GLYRS_HIGH,MetRS_REDUCED_SLOW,CONS_006,SOURCE_GENERAL_EXACT_CONSERVATION,1.2292318174512357e-29,99.0
R3_GLYRS_HIGH,MetRS_REDUCED_SLOW,CONS_007,SOURCE_GENERAL_EXACT_CONSERVATION,7.888609052210118e-31,4.1
R3_GLYRS_HIGH,MetRS_REDUCED_SLOW,CONS_008,SOURCE_GENERAL_EXACT_CONSERVATION,1.1869102817597332e-30,4.9
R3_GLYRS_HIGH,MetRS_REDUCED_SLOW,CONS_009,SOURCE_GENERAL_EXACT_CONSERVATION,4.3978017830929716e-32,0.2
R3_GLYRS_HIGH,MetRS_REDUCED_SLOW,CONS_010,SOURCE_GENERAL_EXACT_CONSERVATION,9.860761315262648e-32,0.2
R3_GLYRS_HIGH,MetRS_REDUCED_SLOW,CONS_011,SOURCE_GENERAL_EXACT_CONSERVATION,1.9721522630525295e-31,0.7
R3_GLYRS_HIGH,MetRS_REDUCED_SLOW,CONS_012,SOURCE_GENERAL_EXACT_CONSERVATION,1.1044052673094165e-29,16.0
R3_GLYRS_HIGH,MetRS_REDUCED_SLOW,CONS_013,SOURCE_GENERAL_EXACT_CONSERVATION,1.8304856328615893e-15,30.0
R3_GLYRS_HIGH,MetRS_REDUCED_SLOW,CONS_014,SOURCE_GENERAL_EXACT_CONSERVATION,1.38777878182524e-17,1.8
R3_GLYRS_HIGH,MetRS_REDUCED_SLOW,CONS_015,SOURCE_GENERAL_EXACT_CONSERVATION,0.0,5.6
R3_GLYRS_HIGH,MetRS_REDUCED_SLOW,CONS_016,SOURCE_GENERAL_EXACT_CONSERVATION,0.0,0.16
R3_GLYRS_HIGH,MetRS_REDUCED_SLOW,CONS_017,SOURCE_GENERAL_EXACT_CONSERVATION,2.1976185113218097e-16,2.4
R3_GLYRS_HIGH,MetRS_REDUCED_SLOW,CONS_018,SOURCE_GENERAL_EXACT_CONSERVATION,1.7724434270915947e-15,50000.0
R3_GLYRS_HIGH,MetRS_REDUCED_SLOW,CONS_019,SOURCE_GENERAL_EXACT_CONSERVATION,0.0,124.4498943
R3_GLYRS_HIGH,MetRS_REDUCED_SLOW,CONS_020,SOURCE_GENERAL_EXACT_CONSERVATION,1.5284180038657104e-30,2.9
R3_GLYRS_HIGH,MetRS_REDUCED_SLOW,CONS_021,SOURCE_GENERAL_EXACT_CONSERVATION,1.3863522197411445e-17,-2409.3
R3_GLYRS_HIGH,MetRS_REDUCED_SLOW,CONS_022,SOURCE_GENERAL_EXACT_CONSERVATION,2.0194839173657902e-28,-296.40465632
R3_GLYRS_HIGH,MetRS_REDUCED_SLOW,CONS_023,SOURCE_GENERAL_EXACT_CONSERVATION,4.0389678347315804e-28,296.5
R3_GLYRS_HIGH,MetRS_REDUCED_SLOW,CONS_024,SOURCE_GENERAL_EXACT_CONSERVATION,2.588449845256445e-29,-167.79232816
R3_GLYRS_HIGH,MetRS_REDUCED_SLOW,CONS_025,SOURCE_GENERAL_EXACT_CONSERVATION,3.9610678203410055e-28,-66.84465632
R3_GLYRS_HIGH,MetRS_REDUCED_SLOW,CONS_026,SOURCE_GENERAL_EXACT_CONSERVATION,3.9605747822752424e-28,-69.74465632
R3_GLYRS_HIGH,MetRS_REDUCED_SLOW,CONS_027,SOURCE_GENERAL_EXACT_CONSERVATION,2.227696651404395e-19,190.31534368
R3_METRS_LOW,SOURCE_PRIMARY,CONS_001,SOURCE_GENERAL_EXACT_CONSERVATION,1.4495315049054103e-15,0.35
R3_METRS_LOW,SOURCE_PRIMARY,CONS_002,SOURCE_GENERAL_EXACT_CONSERVATION,8.057871741961197e-17,0.044000000000000004
R3_METRS_LOW,SOURCE_PRIMARY,CONS_003,SOURCE_GENERAL_EXACT_CONSERVATION,4.3799733640629116e-13,80.0
R3_METRS_LOW,SOURCE_PRIMARY,CONS_004,SOURCE_GENERAL_EXACT_CONSERVATION,5.2541304640385533e-14,13.0
R3_METRS_LOW,SOURCE_PRIMARY,CONS_005,SOURCE_GENERAL_EXACT_CONSERVATION,2.419348080896805e-14,4.3
R3_METRS_LOW,SOURCE_PRIMARY,CONS_006,SOURCE_GENERAL_EXACT_CONSERVATION,1.1841634287627586e-13,99.0
R3_METRS_LOW,SOURCE_PRIMARY,CONS_007,SOURCE_GENERAL_EXACT_CONSERVATION,1.2973634249816682e-14,4.1
R3_METRS_LOW,SOURCE_PRIMARY,CONS_008,SOURCE_GENERAL_EXACT_CONSERVATION,6.928312214020958e-15,4.9
R3_METRS_LOW,SOURCE_PRIMARY,CONS_009,SOURCE_GENERAL_EXACT_CONSERVATION,7.451425069961333e-16,0.2
R3_METRS_LOW,SOURCE_PRIMARY,CONS_010,SOURCE_GENERAL_EXACT_CONSERVATION,2.8571145259359657e-16,0.2
R3_METRS_LOW,SOURCE_PRIMARY,CONS_011,SOURCE_GENERAL_EXACT_CONSERVATION,2.1981590242212763e-15,0.7
R3_METRS_LOW,SOURCE_PRIMARY,CONS_012,SOURCE_GENERAL_EXACT_CONSERVATION,1.7257306965823976e-14,16.0
R3_METRS_LOW,SOURCE_PRIMARY,CONS_013,SOURCE_GENERAL_EXACT_CONSERVATION,4.563710520599784e-14,30.0
R3_METRS_LOW,SOURCE_PRIMARY,CONS_014,SOURCE_GENERAL_EXACT_CONSERVATION,5.290906601729262e-15,1.8
R3_METRS_LOW,SOURCE_PRIMARY,CONS_015,SOURCE_GENERAL_EXACT_CONSERVATION,2.398922074577309e-14,5.6
R3_METRS_LOW,SOURCE_PRIMARY,CONS_016,SOURCE_GENERAL_EXACT_CONSERVATION,1.9367845090333005e-16,0.16
R3_METRS_LOW,SOURCE_PRIMARY,CONS_017,SOURCE_GENERAL_EXACT_CONSERVATION,6.66319823210311e-15,2.4
R3_METRS_LOW,SOURCE_PRIMARY,CONS_018,SOURCE_GENERAL_EXACT_CONSERVATION,1.1362592464148058e-10,50000.0
R3_METRS_LOW,SOURCE_PRIMARY,CONS_019,SOURCE_GENERAL_EXACT_CONSERVATION,2.4442108086846284e-13,124.4498943
R3_METRS_LOW,SOURCE_PRIMARY,CONS_020,SOURCE_GENERAL_EXACT_CONSERVATION,5.0982383567295405e-15,2.9
R3_METRS_LOW,SOURCE_PRIMARY,CONS_021,SOURCE_GENERAL_EXACT_CONSERVATION,6.6101867995071634e-12,-2409.3
R3_METRS_LOW,SOURCE_PRIMARY,CONS_022,SOURCE_GENERAL_EXACT_CONSERVATION,1.6743062825982517e-12,-293.25465632
R3_METRS_LOW,SOURCE_PRIMARY,CONS_023,SOURCE_GENERAL_EXACT_CONSERVATION,1.5212485589415609e-12,299.65
R3_METRS_LOW,SOURCE_PRIMARY,CONS_024,SOURCE_GENERAL_EXACT_CONSERVATION,4.947848834697149e-13,-167.39632816
R3_METRS_LOW,SOURCE_PRIMARY,CONS_025,SOURCE_GENERAL_EXACT_CONSERVATION,4.1341500030275417e-13,-63.29865632
R3_METRS_LOW,SOURCE_PRIMARY,CONS_026,SOURCE_GENERAL_EXACT_CONSERVATION,4.155788066997001e-13,-66.19865632
R3_METRS_LOW,SOURCE_PRIMARY,CONS_027,SOURCE_GENERAL_EXACT_CONSERVATION,2.2596303240830448e-12,194.25734368
R3_METRS_LOW,SOURCE_UNCERTAINTY,CONS_001,SOURCE_GENERAL_EXACT_CONSERVATION,8.526716455841722e-16,0.35
R3_METRS_LOW,SOURCE_UNCERTAINTY,CONS_002,SOURCE_GENERAL_EXACT_CONSERVATION,6.630968310822728e-17,0.044000000000000004
R3_METRS_LOW,SOURCE_UNCERTAINTY,CONS_003,SOURCE_GENERAL_EXACT_CONSERVATION,1.7267402328005827e-13,80.0
R3_METRS_LOW,SOURCE_UNCERTAINTY,CONS_004,SOURCE_GENERAL_EXACT_CONSERVATION,2.0719537197066984e-14,13.0
R3_METRS_LOW,SOURCE_UNCERTAINTY,CONS_005,SOURCE_GENERAL_EXACT_CONSERVATION,5.510192275422734e-15,4.3
R3_METRS_LOW,SOURCE_UNCERTAINTY,CONS_006,SOURCE_GENERAL_EXACT_CONSERVATION,2.821101755055354e-13,99.0
R3_METRS_LOW,SOURCE_UNCERTAINTY,CONS_007,SOURCE_GENERAL_EXACT_CONSERVATION,4.016737262756978e-15,4.1
R3_METRS_LOW,SOURCE_UNCERTAINTY,CONS_008,SOURCE_GENERAL_EXACT_CONSERVATION,6.7238529979777535e-15,4.9
R3_METRS_LOW,SOURCE_UNCERTAINTY,CONS_009,SOURCE_GENERAL_EXACT_CONSERVATION,2.3240932358410855e-16,0.2
R3_METRS_LOW,SOURCE_UNCERTAINTY,CONS_010,SOURCE_GENERAL_EXACT_CONSERVATION,3.4922601962011327e-16,0.2
R3_METRS_LOW,SOURCE_UNCERTAINTY,CONS_011,SOURCE_GENERAL_EXACT_CONSERVATION,5.818601775121586e-16,0.7
R3_METRS_LOW,SOURCE_UNCERTAINTY,CONS_012,SOURCE_GENERAL_EXACT_CONSERVATION,2.6226751237811287e-14,16.0
R3_METRS_LOW,SOURCE_UNCERTAINTY,CONS_013,SOURCE_GENERAL_EXACT_CONSERVATION,3.3009056296611305e-14,30.0
R3_METRS_LOW,SOURCE_UNCERTAINTY,CONS_014,SOURCE_GENERAL_EXACT_CONSERVATION,4.1407849371566385e-15,1.8
R3_METRS_LOW,SOURCE_UNCERTAINTY,CONS_015,SOURCE_GENERAL_EXACT_CONSERVATION,8.775925407385199e-15,5.6
R3_METRS_LOW,SOURCE_UNCERTAINTY,CONS_016,SOURCE_GENERAL_EXACT_CONSERVATION,3.9118014383277e-16,0.16
R3_METRS_LOW,SOURCE_UNCERTAINTY,CONS_017,SOURCE_GENERAL_EXACT_CONSERVATION,7.376220402706413e-15,2.4
R3_METRS_LOW,SOURCE_UNCERTAINTY,CONS_018,SOURCE_GENERAL_EXACT_CONSERVATION,4.0774831211107254e-11,50000.0
R3_METRS_LOW,SOURCE_UNCERTAINTY,CONS_019,SOURCE_GENERAL_EXACT_CONSERVATION,1.4070665934343618e-13,124.4498943
R3_METRS_LOW,SOURCE_UNCERTAINTY,CONS_020,SOURCE_GENERAL_EXACT_CONSERVATION,5.358077075452691e-15,2.9
R3_METRS_LOW,SOURCE_UNCERTAINTY,CONS_021,SOURCE_GENERAL_EXACT_CONSERVATION,6.7202339902610305e-12,-2409.3
R3_METRS_LOW,SOURCE_UNCERTAINTY,CONS_022,SOURCE_GENERAL_EXACT_CONSERVATION,1.0782683408842514e-12,-293.25465632
R3_METRS_LOW,SOURCE_UNCERTAINTY,CONS_023,SOURCE_GENERAL_EXACT_CONSERVATION,1.143397032523215e-12,299.65
R3_METRS_LOW,SOURCE_UNCERTAINTY,CONS_024,SOURCE_GENERAL_EXACT_CONSERVATION,1.9698971815371644e-13,-167.39632816
R3_METRS_LOW,SOURCE_UNCERTAINTY,CONS_025,SOURCE_GENERAL_EXACT_CONSERVATION,1.892521285459866e-13,-63.29865632
R3_METRS_LOW,SOURCE_UNCERTAINTY,CONS_026,SOURCE_GENERAL_EXACT_CONSERVATION,1.9413207851608254e-13,-66.19865632
R3_METRS_LOW,SOURCE_UNCERTAINTY,CONS_027,SOURCE_GENERAL_EXACT_CONSERVATION,1.46206388612891e-12,194.25734368
R3_METRS_LOW,GlyRS_REDUCED_SLOW,CONS_001,SOURCE_GENERAL_EXACT_CONSERVATION,7.974553675978398e-34,0.35
R3_METRS_LOW,GlyRS_REDUCED_SLOW,CONS_002,SOURCE_GENERAL_EXACT_CONSERVATION,0.0,0.044000000000000004
R3_METRS_LOW,GlyRS_REDUCED_SLOW,CONS_003,SOURCE_GENERAL_EXACT_CONSERVATION,4.8222348261015715e-29,80.0
R3_METRS_LOW,GlyRS_REDUCED_SLOW,CONS_004,SOURCE_GENERAL_EXACT_CONSERVATION,7.1490519535654195e-31,13.0
R3_METRS_LOW,GlyRS_REDUCED_SLOW,CONS_005,SOURCE_GENERAL_EXACT_CONSERVATION,9.229056293503634e-31,4.3
R3_METRS_LOW,GlyRS_REDUCED_SLOW,CONS_006,SOURCE_GENERAL_EXACT_CONSERVATION,5.048709793414476e-29,99.0
R3_METRS_LOW,GlyRS_REDUCED_SLOW,CONS_007,SOURCE_GENERAL_EXACT_CONSERVATION,3.1554436208840472e-30,4.1
R3_METRS_LOW,GlyRS_REDUCED_SLOW,CONS_008,SOURCE_GENERAL_EXACT_CONSERVATION,3.1554436208840472e-30,4.9
R3_METRS_LOW,GlyRS_REDUCED_SLOW,CONS_009,SOURCE_GENERAL_EXACT_CONSERVATION,1.9721522630525295e-31,0.2
R3_METRS_LOW,GlyRS_REDUCED_SLOW,CONS_010,SOURCE_GENERAL_EXACT_CONSERVATION,1.9721522630525295e-31,0.2
R3_METRS_LOW,GlyRS_REDUCED_SLOW,CONS_011,SOURCE_GENERAL_EXACT_CONSERVATION,1.9276151330885747e-31,0.7
R3_METRS_LOW,GlyRS_REDUCED_SLOW,CONS_012,SOURCE_GENERAL_EXACT_CONSERVATION,2.1595067280425198e-29,16.0
R3_METRS_LOW,GlyRS_REDUCED_SLOW,CONS_013,SOURCE_GENERAL_EXACT_CONSERVATION,1.8410820150317406e-15,30.0
R3_METRS_LOW,GlyRS_REDUCED_SLOW,CONS_014,SOURCE_GENERAL_EXACT_CONSERVATION,1.3809849190000925e-17,1.8
R3_METRS_LOW,GlyRS_REDUCED_SLOW,CONS_015,SOURCE_GENERAL_EXACT_CONSERVATION,1.9721522630525295e-31,5.6
R3_METRS_LOW,GlyRS_REDUCED_SLOW,CONS_016,SOURCE_GENERAL_EXACT_CONSERVATION,0.0,0.16
R3_METRS_LOW,GlyRS_REDUCED_SLOW,CONS_017,SOURCE_GENERAL_EXACT_CONSERVATION,2.2193957283957177e-16,2.4
R3_METRS_LOW,GlyRS_REDUCED_SLOW,CONS_018,SOURCE_GENERAL_EXACT_CONSERVATION,1.7616548885347576e-15,50000.0
R3_METRS_LOW,GlyRS_REDUCED_SLOW,CONS_019,SOURCE_GENERAL_EXACT_CONSERVATION,1.262177448353619e-29,124.4498943
R3_METRS_LOW,GlyRS_REDUCED_SLOW,CONS_020,SOURCE_GENERAL_EXACT_CONSERVATION,1.5777218104420236e-30,2.9
R3_METRS_LOW,GlyRS_REDUCED_SLOW,CONS_021,SOURCE_GENERAL_EXACT_CONSERVATION,1.3809849190045791e-17,-2409.3
R3_METRS_LOW,GlyRS_REDUCED_SLOW,CONS_022,SOURCE_GENERAL_EXACT_CONSERVATION,2.8376816236119824e-28,-293.25465632
R3_METRS_LOW,GlyRS_REDUCED_SLOW,CONS_023,SOURCE_GENERAL_EXACT_CONSERVATION,2.0194839173657902e-28,299.65
R3_METRS_LOW,GlyRS_REDUCED_SLOW,CONS_024,SOURCE_GENERAL_EXACT_CONSERVATION,5.142387025909471e-29,-167.39632816
R3_METRS_LOW,GlyRS_REDUCED_SLOW,CONS_025,SOURCE_GENERAL_EXACT_CONSERVATION,2.0194839173657902e-28,-63.29865632
R3_METRS_LOW,GlyRS_REDUCED_SLOW,CONS_026,SOURCE_GENERAL_EXACT_CONSERVATION,2.0194839173657902e-28,-66.19865632
R3_METRS_LOW,GlyRS_REDUCED_SLOW,CONS_027,SOURCE_GENERAL_EXACT_CONSERVATION,2.2022856636453854e-19,194.25734368
R3_METRS_LOW,MetRS_REDUCED_SLOW,CONS_001,SOURCE_GENERAL_EXACT_CONSERVATION,0.0,0.35
R3_METRS_LOW,MetRS_REDUCED_SLOW,CONS_002,SOURCE_GENERAL_EXACT_CONSERVATION,0.0,0.044000000000000004
R3_METRS_LOW,MetRS_REDUCED_SLOW,CONS_003,SOURCE_GENERAL_EXACT_CONSERVATION,2.4332831586118212e-29,80.0
R3_METRS_LOW,MetRS_REDUCED_SLOW,CONS_004,SOURCE_GENERAL_EXACT_CONSERVATION,5.9164567891575885e-31,13.0
R3_METRS_LOW,MetRS_REDUCED_SLOW,CONS_005,SOURCE_GENERAL_EXACT_CONSERVATION,1.5754935658033779e-30,4.3
R3_METRS_LOW,MetRS_REDUCED_SLOW,CONS_006,SOURCE_GENERAL_EXACT_CONSERVATION,5.048709793414476e-29,99.0
R3_METRS_LOW,MetRS_REDUCED_SLOW,CONS_007,SOURCE_GENERAL_EXACT_CONSERVATION,6.407858050689529e-31,4.1
R3_METRS_LOW,MetRS_REDUCED_SLOW,CONS_008,SOURCE_GENERAL_EXACT_CONSERVATION,7.660553744195788e-31,4.9
R3_METRS_LOW,MetRS_REDUCED_SLOW,CONS_009,SOURCE_GENERAL_EXACT_CONSERVATION,3.0506730319093816e-31,0.2
R3_METRS_LOW,MetRS_REDUCED_SLOW,CONS_010,SOURCE_GENERAL_EXACT_CONSERVATION,1.8758557658331677e-31,0.2
R3_METRS_LOW,MetRS_REDUCED_SLOW,CONS_011,SOURCE_GENERAL_EXACT_CONSERVATION,9.860761315262648e-32,0.7
R3_METRS_LOW,MetRS_REDUCED_SLOW,CONS_012,SOURCE_GENERAL_EXACT_CONSERVATION,1.8932661725304283e-29,16.0
R3_METRS_LOW,MetRS_REDUCED_SLOW,CONS_013,SOURCE_GENERAL_EXACT_CONSERVATION,1.809425005667718e-15,30.0
R3_METRS_LOW,MetRS_REDUCED_SLOW,CONS_014,SOURCE_GENERAL_EXACT_CONSERVATION,1.387778780817735e-17,1.8
R3_METRS_LOW,MetRS_REDUCED_SLOW,CONS_015,SOURCE_GENERAL_EXACT_CONSERVATION,0.0,5.6
R3_METRS_LOW,MetRS_REDUCED_SLOW,CONS_016,SOURCE_GENERAL_EXACT_CONSERVATION,0.0,0.16
R3_METRS_LOW,MetRS_REDUCED_SLOW,CONS_017,SOURCE_GENERAL_EXACT_CONSERVATION,2.2179049504085502e-16,2.4
R3_METRS_LOW,MetRS_REDUCED_SLOW,CONS_018,SOURCE_GENERAL_EXACT_CONSERVATION,1.7760146380895597e-15,50000.0
R3_METRS_LOW,MetRS_REDUCED_SLOW,CONS_019,SOURCE_GENERAL_EXACT_CONSERVATION,0.0,124.4498943
R3_METRS_LOW,MetRS_REDUCED_SLOW,CONS_020,SOURCE_GENERAL_EXACT_CONSERVATION,1.5777218104420236e-30,2.9
R3_METRS_LOW,MetRS_REDUCED_SLOW,CONS_021,SOURCE_GENERAL_EXACT_CONSERVATION,1.3877527798072244e-17,-2409.3
R3_METRS_LOW,MetRS_REDUCED_SLOW,CONS_022,SOURCE_GENERAL_EXACT_CONSERVATION,3.6918690364343352e-28,-293.25465632
R3_METRS_LOW,MetRS_REDUCED_SLOW,CONS_023,SOURCE_GENERAL_EXACT_CONSERVATION,2.7349282649612803e-28,299.65
R3_METRS_LOW,MetRS_REDUCED_SLOW,CONS_024,SOURCE_GENERAL_EXACT_CONSERVATION,5.188609344574764e-29,-167.39632816
R3_METRS_LOW,MetRS_REDUCED_SLOW,CONS_025,SOURCE_GENERAL_EXACT_CONSERVATION,2.398013892355435e-28,-63.29865632
R3_METRS_LOW,MetRS_REDUCED_SLOW,CONS_026,SOURCE_GENERAL_EXACT_CONSERVATION,2.3948830120788083e-28,-66.19865632
R3_METRS_LOW,MetRS_REDUCED_SLOW,CONS_027,SOURCE_GENERAL_EXACT_CONSERVATION,2.244637309751348e-19,194.25734368
R3_METRS_HIGH,SOURCE_PRIMARY,CONS_001,SOURCE_GENERAL_EXACT_CONSERVATION,9.162450500710574e-16,0.35
R3_METRS_HIGH,SOURCE_PRIMARY,CONS_002,SOURCE_GENERAL_EXACT_CONSERVATION,1.4172953359091828e-14,4.4
R3_METRS_HIGH,SOURCE_PRIMARY,CONS_003,SOURCE_GENERAL_EXACT_CONSERVATION,1.6773110920258516e-13,80.0
R3_METRS_HIGH,SOURCE_PRIMARY,CONS_004,SOURCE_GENERAL_EXACT_CONSERVATION,3.267004722307121e-14,13.0
R3_METRS_HIGH,SOURCE_PRIMARY,CONS_005,SOURCE_GENERAL_EXACT_CONSERVATION,8.277520262269956e-15,4.3
R3_METRS_HIGH,SOURCE_PRIMARY,CONS_006,SOURCE_GENERAL_EXACT_CONSERVATION,1.3542295602249033e-13,99.0
R3_METRS_HIGH,SOURCE_PRIMARY,CONS_007,SOURCE_GENERAL_EXACT_CONSERVATION,1.0500595720184094e-14,4.1
R3_METRS_HIGH,SOURCE_PRIMARY,CONS_008,SOURCE_GENERAL_EXACT_CONSERVATION,6.2490931656543895e-15,4.9
R3_METRS_HIGH,SOURCE_PRIMARY,CONS_009,SOURCE_GENERAL_EXACT_CONSERVATION,3.1006370442107813e-16,0.2
R3_METRS_HIGH,SOURCE_PRIMARY,CONS_010,SOURCE_GENERAL_EXACT_CONSERVATION,4.823418331704426e-16,0.2
R3_METRS_HIGH,SOURCE_PRIMARY,CONS_011,SOURCE_GENERAL_EXACT_CONSERVATION,1.3732113530582014e-15,0.7
R3_METRS_HIGH,SOURCE_PRIMARY,CONS_012,SOURCE_GENERAL_EXACT_CONSERVATION,1.6675215654196336e-14,16.0
R3_METRS_HIGH,SOURCE_PRIMARY,CONS_013,SOURCE_GENERAL_EXACT_CONSERVATION,1.4166445794216997e-13,30.0
R3_METRS_HIGH,SOURCE_PRIMARY,CONS_014,SOURCE_GENERAL_EXACT_CONSERVATION,3.8528208401444886e-15,1.8
R3_METRS_HIGH,SOURCE_PRIMARY,CONS_015,SOURCE_GENERAL_EXACT_CONSERVATION,2.372593601247038e-14,5.6
R3_METRS_HIGH,SOURCE_PRIMARY,CONS_016,SOURCE_GENERAL_EXACT_CONSERVATION,6.366435156834882e-16,0.16
R3_METRS_HIGH,SOURCE_PRIMARY,CONS_017,SOURCE_GENERAL_EXACT_CONSERVATION,9.793818452627848e-15,2.4
R3_METRS_HIGH,SOURCE_PRIMARY,CONS_018,SOURCE_GENERAL_EXACT_CONSERVATION,1.0156875340783245e-10,50000.0
R3_METRS_HIGH,SOURCE_PRIMARY,CONS_019,SOURCE_GENERAL_EXACT_CONSERVATION,5.557436525775977e-13,124.4498943
R3_METRS_HIGH,SOURCE_PRIMARY,CONS_020,SOURCE_GENERAL_EXACT_CONSERVATION,6.135105932607421e-15,2.9
R3_METRS_HIGH,SOURCE_PRIMARY,CONS_021,SOURCE_GENERAL_EXACT_CONSERVATION,5.802245137194431e-12,-2409.3
R3_METRS_HIGH,SOURCE_PRIMARY,CONS_022,SOURCE_GENERAL_EXACT_CONSERVATION,1.315262238150281e-12,-293.25465632
R3_METRS_HIGH,SOURCE_PRIMARY,CONS_023,SOURCE_GENERAL_EXACT_CONSERVATION,4.839522964895407e-13,299.65
R3_METRS_HIGH,SOURCE_PRIMARY,CONS_024,SOURCE_GENERAL_EXACT_CONSERVATION,2.0229740351228933e-13,-171.75232816
R3_METRS_HIGH,SOURCE_PRIMARY,CONS_025,SOURCE_GENERAL_EXACT_CONSERVATION,1.775927781284724e-13,-67.65465632
R3_METRS_HIGH,SOURCE_PRIMARY,CONS_026,SOURCE_GENERAL_EXACT_CONSERVATION,1.7742531638737664e-13,-70.55465632
R3_METRS_HIGH,SOURCE_PRIMARY,CONS_027,SOURCE_GENERAL_EXACT_CONSERVATION,6.411704888264999e-13,185.54534368
R3_METRS_HIGH,SOURCE_UNCERTAINTY,CONS_001,SOURCE_GENERAL_EXACT_CONSERVATION,5.683315881358365e-16,0.35
R3_METRS_HIGH,SOURCE_UNCERTAINTY,CONS_002,SOURCE_GENERAL_EXACT_CONSERVATION,1.174222868097491e-14,4.4
R3_METRS_HIGH,SOURCE_UNCERTAINTY,CONS_003,SOURCE_GENERAL_EXACT_CONSERVATION,2.9024366948992283e-13,80.0
R3_METRS_HIGH,SOURCE_UNCERTAINTY,CONS_004,SOURCE_GENERAL_EXACT_CONSERVATION,1.6743550990128142e-14,13.0
R3_METRS_HIGH,SOURCE_UNCERTAINTY,CONS_005,SOURCE_GENERAL_EXACT_CONSERVATION,1.040451349840439e-14,4.3
R3_METRS_HIGH,SOURCE_UNCERTAINTY,CONS_006,SOURCE_GENERAL_EXACT_CONSERVATION,1.4681693919300831e-13,99.0
R3_METRS_HIGH,SOURCE_UNCERTAINTY,CONS_007,SOURCE_GENERAL_EXACT_CONSERVATION,1.1674042839773162e-14,4.1
R3_METRS_HIGH,SOURCE_UNCERTAINTY,CONS_008,SOURCE_GENERAL_EXACT_CONSERVATION,1.4300056303135532e-14,4.9
R3_METRS_HIGH,SOURCE_UNCERTAINTY,CONS_009,SOURCE_GENERAL_EXACT_CONSERVATION,3.3638600599136294e-16,0.2
R3_METRS_HIGH,SOURCE_UNCERTAINTY,CONS_010,SOURCE_GENERAL_EXACT_CONSERVATION,3.314589212163031e-16,0.2
R3_METRS_HIGH,SOURCE_UNCERTAINTY,CONS_011,SOURCE_GENERAL_EXACT_CONSERVATION,1.6836496127188593e-15,0.7
R3_METRS_HIGH,SOURCE_UNCERTAINTY,CONS_012,SOURCE_GENERAL_EXACT_CONSERVATION,1.7697525827366405e-14,16.0
R3_METRS_HIGH,SOURCE_UNCERTAINTY,CONS_013,SOURCE_GENERAL_EXACT_CONSERVATION,4.738223702283051e-14,30.0
R3_METRS_HIGH,SOURCE_UNCERTAINTY,CONS_014,SOURCE_GENERAL_EXACT_CONSERVATION,1.5595164049031496e-15,1.8
R3_METRS_HIGH,SOURCE_UNCERTAINTY,CONS_015,SOURCE_GENERAL_EXACT_CONSERVATION,5.523010146419411e-15,5.6
R3_METRS_HIGH,SOURCE_UNCERTAINTY,CONS_016,SOURCE_GENERAL_EXACT_CONSERVATION,4.735795089416683e-16,0.16
R3_METRS_HIGH,SOURCE_UNCERTAINTY,CONS_017,SOURCE_GENERAL_EXACT_CONSERVATION,7.43479654265731e-15,2.4
R3_METRS_HIGH,SOURCE_UNCERTAINTY,CONS_018,SOURCE_GENERAL_EXACT_CONSERVATION,1.5918462728525817e-10,50000.0
R3_METRS_HIGH,SOURCE_UNCERTAINTY,CONS_019,SOURCE_GENERAL_EXACT_CONSERVATION,1.272214535189822e-13,124.4498943
R3_METRS_HIGH,SOURCE_UNCERTAINTY,CONS_020,SOURCE_GENERAL_EXACT_CONSERVATION,5.050645484914078e-15,2.9
R3_METRS_HIGH,SOURCE_UNCERTAINTY,CONS_021,SOURCE_GENERAL_EXACT_CONSERVATION,9.184492658097731e-12,-2409.3
R3_METRS_HIGH,SOURCE_UNCERTAINTY,CONS_022,SOURCE_GENERAL_EXACT_CONSERVATION,1.6365929498558435e-12,-293.25465632
R3_METRS_HIGH,SOURCE_UNCERTAINTY,CONS_023,SOURCE_GENERAL_EXACT_CONSERVATION,6.504594797807099e-13,299.65
R3_METRS_HIGH,SOURCE_UNCERTAINTY,CONS_024,SOURCE_GENERAL_EXACT_CONSERVATION,2.264590929783633e-13,-171.75232816
R3_METRS_HIGH,SOURCE_UNCERTAINTY,CONS_025,SOURCE_GENERAL_EXACT_CONSERVATION,2.7930875867032097e-13,-67.65465632
R3_METRS_HIGH,SOURCE_UNCERTAINTY,CONS_026,SOURCE_GENERAL_EXACT_CONSERVATION,2.8197728004932853e-13,-70.55465632
R3_METRS_HIGH,SOURCE_UNCERTAINTY,CONS_027,SOURCE_GENERAL_EXACT_CONSERVATION,1.048436256541176e-12,185.54534368
R3_METRS_HIGH,GlyRS_REDUCED_SLOW,CONS_001,SOURCE_GENERAL_EXACT_CONSERVATION,5.190983053231222e-35,0.35
R3_METRS_HIGH,GlyRS_REDUCED_SLOW,CONS_002,SOURCE_GENERAL_EXACT_CONSERVATION,0.0,4.4
R3_METRS_HIGH,GlyRS_REDUCED_SLOW,CONS_003,SOURCE_GENERAL_EXACT_CONSERVATION,2.524354896707238e-29,80.0
R3_METRS_HIGH,GlyRS_REDUCED_SLOW,CONS_004,SOURCE_GENERAL_EXACT_CONSERVATION,1.1093356479670479e-30,13.0
R3_METRS_HIGH,GlyRS_REDUCED_SLOW,CONS_005,SOURCE_GENERAL_EXACT_CONSERVATION,2.5637979419682884e-30,4.3
R3_METRS_HIGH,GlyRS_REDUCED_SLOW,CONS_006,SOURCE_GENERAL_EXACT_CONSERVATION,2.524354896707238e-29,99.0
R3_METRS_HIGH,GlyRS_REDUCED_SLOW,CONS_007,SOURCE_GENERAL_EXACT_CONSERVATION,7.888609052210118e-31,4.1
R3_METRS_HIGH,GlyRS_REDUCED_SLOW,CONS_008,SOURCE_GENERAL_EXACT_CONSERVATION,7.888609052210118e-31,4.9
R3_METRS_HIGH,GlyRS_REDUCED_SLOW,CONS_009,SOURCE_GENERAL_EXACT_CONSERVATION,1.7097443081297686e-31,0.2
R3_METRS_HIGH,GlyRS_REDUCED_SLOW,CONS_010,SOURCE_GENERAL_EXACT_CONSERVATION,1.5277138357297938e-31,0.2
R3_METRS_HIGH,GlyRS_REDUCED_SLOW,CONS_011,SOURCE_GENERAL_EXACT_CONSERVATION,7.479622497237466e-32,0.7
R3_METRS_HIGH,GlyRS_REDUCED_SLOW,CONS_012,SOURCE_GENERAL_EXACT_CONSERVATION,6.310887241768095e-30,16.0
R3_METRS_HIGH,GlyRS_REDUCED_SLOW,CONS_013,SOURCE_GENERAL_EXACT_CONSERVATION,1.796743507961814e-15,30.0
R3_METRS_HIGH,GlyRS_REDUCED_SLOW,CONS_014,SOURCE_GENERAL_EXACT_CONSERVATION,1.3877787808148515e-17,1.8
R3_METRS_HIGH,GlyRS_REDUCED_SLOW,CONS_015,SOURCE_GENERAL_EXACT_CONSERVATION,9.860761315262648e-32,5.6
R3_METRS_HIGH,GlyRS_REDUCED_SLOW,CONS_016,SOURCE_GENERAL_EXACT_CONSERVATION,0.0,0.16
R3_METRS_HIGH,GlyRS_REDUCED_SLOW,CONS_017,SOURCE_GENERAL_EXACT_CONSERVATION,2.2052642128912603e-16,2.4
R3_METRS_HIGH,GlyRS_REDUCED_SLOW,CONS_018,SOURCE_GENERAL_EXACT_CONSERVATION,1.7555401576885288e-15,50000.0
R3_METRS_HIGH,GlyRS_REDUCED_SLOW,CONS_019,SOURCE_GENERAL_EXACT_CONSERVATION,6.310887241768095e-30,124.4498943
R3_METRS_HIGH,GlyRS_REDUCED_SLOW,CONS_020,SOURCE_GENERAL_EXACT_CONSERVATION,1.5777218104420236e-30,2.9
R3_METRS_HIGH,GlyRS_REDUCED_SLOW,CONS_021,SOURCE_GENERAL_EXACT_CONSERVATION,1.385736436780714e-17,-2409.3
R3_METRS_HIGH,GlyRS_REDUCED_SLOW,CONS_022,SOURCE_GENERAL_EXACT_CONSERVATION,2.6558913444725894e-28,-293.25465632
R3_METRS_HIGH,GlyRS_REDUCED_SLOW,CONS_023,SOURCE_GENERAL_EXACT_CONSERVATION,1.5199447124220603e-28,299.65
R3_METRS_HIGH,GlyRS_REDUCED_SLOW,CONS_024,SOURCE_GENERAL_EXACT_CONSERVATION,4.614836295542919e-29,-171.75232816
R3_METRS_HIGH,GlyRS_REDUCED_SLOW,CONS_025,SOURCE_GENERAL_EXACT_CONSERVATION,1.5217501955197179e-28,-67.65465632
R3_METRS_HIGH,GlyRS_REDUCED_SLOW,CONS_026,SOURCE_GENERAL_EXACT_CONSERVATION,1.5204867854761998e-28,-70.55465632
R3_METRS_HIGH,GlyRS_REDUCED_SLOW,CONS_027,SOURCE_GENERAL_EXACT_CONSERVATION,2.236166981122213e-19,185.54534368
R3_METRS_HIGH,MetRS_REDUCED_SLOW,CONS_001,SOURCE_GENERAL_EXACT_CONSERVATION,0.0,0.35
R3_METRS_HIGH,MetRS_REDUCED_SLOW,CONS_002,SOURCE_GENERAL_EXACT_CONSERVATION,0.0,4.4
R3_METRS_HIGH,MetRS_REDUCED_SLOW,CONS_003,SOURCE_GENERAL_EXACT_CONSERVATION,7.337125523189626e-30,80.0
R3_METRS_HIGH,MetRS_REDUCED_SLOW,CONS_004,SOURCE_GENERAL_EXACT_CONSERVATION,6.902532920683853e-31,13.0
R3_METRS_HIGH,MetRS_REDUCED_SLOW,CONS_005,SOURCE_GENERAL_EXACT_CONSERVATION,6.162975822039155e-30,4.3
R3_METRS_HIGH,MetRS_REDUCED_SLOW,CONS_006,SOURCE_GENERAL_EXACT_CONSERVATION,6.508102468073347e-30,99.0
R3_METRS_HIGH,MetRS_REDUCED_SLOW,CONS_007,SOURCE_GENERAL_EXACT_CONSERVATION,2.8334281341825014e-30,4.1
R3_METRS_HIGH,MetRS_REDUCED_SLOW,CONS_008,SOURCE_GENERAL_EXACT_CONSERVATION,7.781012795287757e-31,4.9
R3_METRS_HIGH,MetRS_REDUCED_SLOW,CONS_009,SOURCE_GENERAL_EXACT_CONSERVATION,1.5895542425378527e-31,0.2
R3_METRS_HIGH,MetRS_REDUCED_SLOW,CONS_010,SOURCE_GENERAL_EXACT_CONSERVATION,1.9721522630525295e-31,0.2
R3_METRS_HIGH,MetRS_REDUCED_SLOW,CONS_011,SOURCE_GENERAL_EXACT_CONSERVATION,1.4791141972893971e-31,0.7
R3_METRS_HIGH,MetRS_REDUCED_SLOW,CONS_012,SOURCE_GENERAL_EXACT_CONSERVATION,6.310887241768095e-30,16.0
R3_METRS_HIGH,MetRS_REDUCED_SLOW,CONS_013,SOURCE_GENERAL_EXACT_CONSERVATION,1.8850616597190784e-15,30.0
R3_METRS_HIGH,MetRS_REDUCED_SLOW,CONS_014,SOURCE_GENERAL_EXACT_CONSERVATION,1.387778780869275e-17,1.8
R3_METRS_HIGH,MetRS_REDUCED_SLOW,CONS_015,SOURCE_GENERAL_EXACT_CONSERVATION,0.0,5.6
R3_METRS_HIGH,MetRS_REDUCED_SLOW,CONS_016,SOURCE_GENERAL_EXACT_CONSERVATION,0.0,0.16
R3_METRS_HIGH,MetRS_REDUCED_SLOW,CONS_017,SOURCE_GENERAL_EXACT_CONSERVATION,2.2177524844780444e-16,2.4
R3_METRS_HIGH,MetRS_REDUCED_SLOW,CONS_018,SOURCE_GENERAL_EXACT_CONSERVATION,1.7753403998635453e-15,50000.0
R3_METRS_HIGH,MetRS_REDUCED_SLOW,CONS_019,SOURCE_GENERAL_EXACT_CONSERVATION,0.0,124.4498943
R3_METRS_HIGH,MetRS_REDUCED_SLOW,CONS_020,SOURCE_GENERAL_EXACT_CONSERVATION,7.395570986446986e-31,2.9
R3_METRS_HIGH,MetRS_REDUCED_SLOW,CONS_021,SOURCE_GENERAL_EXACT_CONSERVATION,1.3764232323338911e-17,-2409.3
R3_METRS_HIGH,MetRS_REDUCED_SLOW,CONS_022,SOURCE_GENERAL_EXACT_CONSERVATION,4.838267280251171e-28,-293.25465632
R3_METRS_HIGH,MetRS_REDUCED_SLOW,CONS_023,SOURCE_GENERAL_EXACT_CONSERVATION,6.2477783693504135e-28,299.65
R3_METRS_HIGH,MetRS_REDUCED_SLOW,CONS_024,SOURCE_GENERAL_EXACT_CONSERVATION,1.2680767372828816e-29,-171.75232816
R3_METRS_HIGH,MetRS_REDUCED_SLOW,CONS_025,SOURCE_GENERAL_EXACT_CONSERVATION,7.00902914288869e-28,-67.65465632
R3_METRS_HIGH,MetRS_REDUCED_SLOW,CONS_026,SOURCE_GENERAL_EXACT_CONSERVATION,7.0067340061554325e-28,-70.55465632
R3_METRS_HIGH,MetRS_REDUCED_SLOW,CONS_027,SOURCE_GENERAL_EXACT_CONSERVATION,2.236166980818508e-19,185.54534368
R3_GLY_LOW,SOURCE_PRIMARY,CONS_001,SOURCE_GENERAL_EXACT_CONSERVATION,9.683217257889015e-16,0.35
R3_GLY_LOW,SOURCE_PRIMARY,CONS_002,SOURCE_GENERAL_EXACT_CONSERVATION,9.925864188941831e-16,0.44
R3_GLY_LOW,SOURCE_PRIMARY,CONS_003,SOURCE_GENERAL_EXACT_CONSERVATION,1.4066358687103535e-13,80.0
R3_GLY_LOW,SOURCE_PRIMARY,CONS_004,SOURCE_GENERAL_EXACT_CONSERVATION,3.2190829862832615e-14,13.0
R3_GLY_LOW,SOURCE_PRIMARY,CONS_005,SOURCE_GENERAL_EXACT_CONSERVATION,1.0826302725647915e-14,4.3
R3_GLY_LOW,SOURCE_PRIMARY,CONS_006,SOURCE_GENERAL_EXACT_CONSERVATION,1.3017663588826257e-13,99.0
R3_GLY_LOW,SOURCE_PRIMARY,CONS_007,SOURCE_GENERAL_EXACT_CONSERVATION,1.6782040475407243e-14,4.1
R3_GLY_LOW,SOURCE_PRIMARY,CONS_008,SOURCE_GENERAL_EXACT_CONSERVATION,1.922659371958492e-14,4.9
R3_GLY_LOW,SOURCE_PRIMARY,CONS_009,SOURCE_GENERAL_EXACT_CONSERVATION,4.64055470482741e-16,0.2
R3_GLY_LOW,SOURCE_PRIMARY,CONS_010,SOURCE_GENERAL_EXACT_CONSERVATION,4.3944757517822746e-16,0.2
R3_GLY_LOW,SOURCE_PRIMARY,CONS_011,SOURCE_GENERAL_EXACT_CONSERVATION,2.9512855215031633e-15,0.7
R3_GLY_LOW,SOURCE_PRIMARY,CONS_012,SOURCE_GENERAL_EXACT_CONSERVATION,1.5769471306417373e-14,16.0
R3_GLY_LOW,SOURCE_PRIMARY,CONS_013,SOURCE_GENERAL_EXACT_CONSERVATION,1.2068818167065842e-13,30.0
R3_GLY_LOW,SOURCE_PRIMARY,CONS_014,SOURCE_GENERAL_EXACT_CONSERVATION,6.471873818109097e-15,1.8
R3_GLY_LOW,SOURCE_PRIMARY,CONS_015,SOURCE_GENERAL_EXACT_CONSERVATION,1.9405659499834634e-14,5.6
R3_GLY_LOW,SOURCE_PRIMARY,CONS_016,SOURCE_GENERAL_EXACT_CONSERVATION,6.041174505089231e-16,0.16
R3_GLY_LOW,SOURCE_PRIMARY,CONS_017,SOURCE_GENERAL_EXACT_CONSERVATION,6.041553975849601e-15,2.4
R3_GLY_LOW,SOURCE_PRIMARY,CONS_018,SOURCE_GENERAL_EXACT_CONSERVATION,1.3655092681585934e-10,50000.0
R3_GLY_LOW,SOURCE_PRIMARY,CONS_019,SOURCE_GENERAL_EXACT_CONSERVATION,4.222732884526627e-13,124.4498943
R3_GLY_LOW,SOURCE_PRIMARY,CONS_020,SOURCE_GENERAL_EXACT_CONSERVATION,6.3429859893673226e-15,2.9
R3_GLY_LOW,SOURCE_PRIMARY,CONS_021,SOURCE_GENERAL_EXACT_CONSERVATION,1.2834341858019031e-11,-2409.3
R3_GLY_LOW,SOURCE_PRIMARY,CONS_022,SOURCE_GENERAL_EXACT_CONSERVATION,2.9421620109692284e-12,-563.25465632
R3_GLY_LOW,SOURCE_PRIMARY,CONS_023,SOURCE_GENERAL_EXACT_CONSERVATION,4.533894967639314e-14,29.65
R3_GLY_LOW,SOURCE_PRIMARY,CONS_024,SOURCE_GENERAL_EXACT_CONSERVATION,2.1232422778811769e-13,-167.79232816
R3_GLY_LOW,SOURCE_PRIMARY,CONS_025,SOURCE_GENERAL_EXACT_CONSERVATION,1.3394630112311322e-13,-63.69465632
R3_GLY_LOW,SOURCE_PRIMARY,CONS_026,SOURCE_GENERAL_EXACT_CONSERVATION,1.3542126722287698e-13,-66.59465632
R3_GLY_LOW,SOURCE_PRIMARY,CONS_027,SOURCE_GENERAL_EXACT_CONSERVATION,2.977443540481873e-13,-76.53465632
R3_GLY_LOW,SOURCE_UNCERTAINTY,CONS_001,SOURCE_GENERAL_EXACT_CONSERVATION,7.851787806985419e-16,0.35
R3_GLY_LOW,SOURCE_UNCERTAINTY,CONS_002,SOURCE_GENERAL_EXACT_CONSERVATION,4.196886258593896e-16,0.44
R3_GLY_LOW,SOURCE_UNCERTAINTY,CONS_003,SOURCE_GENERAL_EXACT_CONSERVATION,1.42647410084245e-13,80.0
R3_GLY_LOW,SOURCE_UNCERTAINTY,CONS_004,SOURCE_GENERAL_EXACT_CONSERVATION,3.247402347028583e-14,13.0
R3_GLY_LOW,SOURCE_UNCERTAINTY,CONS_005,SOURCE_GENERAL_EXACT_CONSERVATION,8.801181643545109e-15,4.3
R3_GLY_LOW,SOURCE_UNCERTAINTY,CONS_006,SOURCE_GENERAL_EXACT_CONSERVATION,1.9210569712418908e-13,99.0
R3_GLY_LOW,SOURCE_UNCERTAINTY,CONS_007,SOURCE_GENERAL_EXACT_CONSERVATION,8.989403487004343e-15,4.1
R3_GLY_LOW,SOURCE_UNCERTAINTY,CONS_008,SOURCE_GENERAL_EXACT_CONSERVATION,8.112894593784179e-15,4.9
R3_GLY_LOW,SOURCE_UNCERTAINTY,CONS_009,SOURCE_GENERAL_EXACT_CONSERVATION,3.236084610424726e-16,0.2
R3_GLY_LOW,SOURCE_UNCERTAINTY,CONS_010,SOURCE_GENERAL_EXACT_CONSERVATION,1.3882700598908532e-16,0.2
R3_GLY_LOW,SOURCE_UNCERTAINTY,CONS_011,SOURCE_GENERAL_EXACT_CONSERVATION,1.666348647133835e-15,0.7
R3_GLY_LOW,SOURCE_UNCERTAINTY,CONS_012,SOURCE_GENERAL_EXACT_CONSERVATION,1.0285433834115402e-14,16.0
R3_GLY_LOW,SOURCE_UNCERTAINTY,CONS_013,SOURCE_GENERAL_EXACT_CONSERVATION,4.132805209167145e-14,30.0
R3_GLY_LOW,SOURCE_UNCERTAINTY,CONS_014,SOURCE_GENERAL_EXACT_CONSERVATION,2.08080080943418e-15,1.8
R3_GLY_LOW,SOURCE_UNCERTAINTY,CONS_015,SOURCE_GENERAL_EXACT_CONSERVATION,1.2108808307747436e-14,5.6
R3_GLY_LOW,SOURCE_UNCERTAINTY,CONS_016,SOURCE_GENERAL_EXACT_CONSERVATION,2.719179048593645e-16,0.16
R3_GLY_LOW,SOURCE_UNCERTAINTY,CONS_017,SOURCE_GENERAL_EXACT_CONSERVATION,5.70649294114598e-15,2.4
R3_GLY_LOW,SOURCE_UNCERTAINTY,CONS_018,SOURCE_GENERAL_EXACT_CONSERVATION,9.692078116094703e-11,50000.0
R3_GLY_LOW,SOURCE_UNCERTAINTY,CONS_019,SOURCE_GENERAL_EXACT_CONSERVATION,1.572181851394218e-13,124.4498943
R3_GLY_LOW,SOURCE_UNCERTAINTY,CONS_020,SOURCE_GENERAL_EXACT_CONSERVATION,4.1856369193410066e-15,2.9
R3_GLY_LOW,SOURCE_UNCERTAINTY,CONS_021,SOURCE_GENERAL_EXACT_CONSERVATION,3.1919424499727216e-12,-2409.3
R3_GLY_LOW,SOURCE_UNCERTAINTY,CONS_022,SOURCE_GENERAL_EXACT_CONSERVATION,2.4076403432829907e-12,-563.25465632
R3_GLY_LOW,SOURCE_UNCERTAINTY,CONS_023,SOURCE_GENERAL_EXACT_CONSERVATION,7.855079235074257e-14,29.65
R3_GLY_LOW,SOURCE_UNCERTAINTY,CONS_024,SOURCE_GENERAL_EXACT_CONSERVATION,1.442133149029332e-13,-167.79232816
R3_GLY_LOW,SOURCE_UNCERTAINTY,CONS_025,SOURCE_GENERAL_EXACT_CONSERVATION,1.1661206953865318e-13,-63.69465632
R3_GLY_LOW,SOURCE_UNCERTAINTY,CONS_026,SOURCE_GENERAL_EXACT_CONSERVATION,1.1456166216108616e-13,-66.59465632
R3_GLY_LOW,SOURCE_UNCERTAINTY,CONS_027,SOURCE_GENERAL_EXACT_CONSERVATION,2.8627590867234695e-13,-76.53465632
R3_GLY_LOW,GlyRS_REDUCED_SLOW,CONS_001,SOURCE_GENERAL_EXACT_CONSERVATION,9.990761586508786e-34,0.35
R3_GLY_LOW,GlyRS_REDUCED_SLOW,CONS_002,SOURCE_GENERAL_EXACT_CONSERVATION,0.0,0.44
R3_GLY_LOW,GlyRS_REDUCED_SLOW,CONS_003,SOURCE_GENERAL_EXACT_CONSERVATION,2.4454688061851366e-29,80.0
R3_GLY_LOW,GlyRS_REDUCED_SLOW,CONS_004,SOURCE_GENERAL_EXACT_CONSERVATION,6.656013887802287e-31,13.0
R3_GLY_LOW,GlyRS_REDUCED_SLOW,CONS_005,SOURCE_GENERAL_EXACT_CONSERVATION,3.1554436208840472e-30,4.3
R3_GLY_LOW,GlyRS_REDUCED_SLOW,CONS_006,SOURCE_GENERAL_EXACT_CONSERVATION,1.262177448353619e-29,99.0
R3_GLY_LOW,GlyRS_REDUCED_SLOW,CONS_007,SOURCE_GENERAL_EXACT_CONSERVATION,3.944304526105059e-31,4.1
R3_GLY_LOW,GlyRS_REDUCED_SLOW,CONS_008,SOURCE_GENERAL_EXACT_CONSERVATION,7.888609052210118e-31,4.9
R3_GLY_LOW,GlyRS_REDUCED_SLOW,CONS_009,SOURCE_GENERAL_EXACT_CONSERVATION,9.860761315262648e-32,0.2
R3_GLY_LOW,GlyRS_REDUCED_SLOW,CONS_010,SOURCE_GENERAL_EXACT_CONSERVATION,9.860761315262648e-32,0.2
R3_GLY_LOW,GlyRS_REDUCED_SLOW,CONS_011,SOURCE_GENERAL_EXACT_CONSERVATION,1.8488927466117464e-31,0.7
R3_GLY_LOW,GlyRS_REDUCED_SLOW,CONS_012,SOURCE_GENERAL_EXACT_CONSERVATION,2.0510383535746307e-29,16.0
R3_GLY_LOW,GlyRS_REDUCED_SLOW,CONS_013,SOURCE_GENERAL_EXACT_CONSERVATION,1.833982184867855e-15,30.0
R3_GLY_LOW,GlyRS_REDUCED_SLOW,CONS_014,SOURCE_GENERAL_EXACT_CONSERVATION,1.3877787815524774e-17,1.8
R3_GLY_LOW,GlyRS_REDUCED_SLOW,CONS_015,SOURCE_GENERAL_EXACT_CONSERVATION,1.9721522630525295e-31,5.6
R3_GLY_LOW,GlyRS_REDUCED_SLOW,CONS_016,SOURCE_GENERAL_EXACT_CONSERVATION,0.0,0.16
R3_GLY_LOW,GlyRS_REDUCED_SLOW,CONS_017,SOURCE_GENERAL_EXACT_CONSERVATION,2.1975803948391832e-16,2.4
R3_GLY_LOW,GlyRS_REDUCED_SLOW,CONS_018,SOURCE_GENERAL_EXACT_CONSERVATION,1.764647455937407e-15,50000.0
R3_GLY_LOW,GlyRS_REDUCED_SLOW,CONS_019,SOURCE_GENERAL_EXACT_CONSERVATION,6.310887241768095e-30,124.4498943
R3_GLY_LOW,GlyRS_REDUCED_SLOW,CONS_020,SOURCE_GENERAL_EXACT_CONSERVATION,1.5777218104420236e-30,2.9
R3_GLY_LOW,GlyRS_REDUCED_SLOW,CONS_021,SOURCE_GENERAL_EXACT_CONSERVATION,1.3845459740708798e-17,-2409.3
R3_GLY_LOW,GlyRS_REDUCED_SLOW,CONS_022,SOURCE_GENERAL_EXACT_CONSERVATION,2.0194839173657902e-28,-563.25465632
R3_GLY_LOW,GlyRS_REDUCED_SLOW,CONS_023,SOURCE_GENERAL_EXACT_CONSERVATION,2.0194839173657902e-28,29.65
R3_GLY_LOW,GlyRS_REDUCED_SLOW,CONS_024,SOURCE_GENERAL_EXACT_CONSERVATION,2.5046333740767125e-29,-167.79232816
R3_GLY_LOW,GlyRS_REDUCED_SLOW,CONS_025,SOURCE_GENERAL_EXACT_CONSERVATION,2.0194839173657902e-28,-63.69465632
R3_GLY_LOW,GlyRS_REDUCED_SLOW,CONS_026,SOURCE_GENERAL_EXACT_CONSERVATION,2.0194839173657902e-28,-66.59465632
R3_GLY_LOW,GlyRS_REDUCED_SLOW,CONS_027,SOURCE_GENERAL_EXACT_CONSERVATION,2.253107639697073e-19,-76.53465632
R3_GLY_LOW,MetRS_REDUCED_SLOW,CONS_001,SOURCE_GENERAL_EXACT_CONSERVATION,0.0,0.35
R3_GLY_LOW,MetRS_REDUCED_SLOW,CONS_002,SOURCE_GENERAL_EXACT_CONSERVATION,0.0,0.44
R3_GLY_LOW,MetRS_REDUCED_SLOW,CONS_003,SOURCE_GENERAL_EXACT_CONSERVATION,4.7282122571679954e-29,80.0
R3_GLY_LOW,MetRS_REDUCED_SLOW,CONS_004,SOURCE_GENERAL_EXACT_CONSERVATION,7.888609052210118e-31,13.0
R3_GLY_LOW,MetRS_REDUCED_SLOW,CONS_005,SOURCE_GENERAL_EXACT_CONSERVATION,1.4036545569766013e-30,4.3
R3_GLY_LOW,MetRS_REDUCED_SLOW,CONS_006,SOURCE_GENERAL_EXACT_CONSERVATION,2.524354896707238e-29,99.0
R3_GLY_LOW,MetRS_REDUCED_SLOW,CONS_007,SOURCE_GENERAL_EXACT_CONSERVATION,1.5777218104420236e-30,4.1
R3_GLY_LOW,MetRS_REDUCED_SLOW,CONS_008,SOURCE_GENERAL_EXACT_CONSERVATION,1.5777218104420236e-30,4.9
R3_GLY_LOW,MetRS_REDUCED_SLOW,CONS_009,SOURCE_GENERAL_EXACT_CONSERVATION,1.9721522630525295e-31,0.2
R3_GLY_LOW,MetRS_REDUCED_SLOW,CONS_010,SOURCE_GENERAL_EXACT_CONSERVATION,1.6124848459382132e-31,0.2
R3_GLY_LOW,MetRS_REDUCED_SLOW,CONS_011,SOURCE_GENERAL_EXACT_CONSERVATION,2.624880466468079e-31,0.7
R3_GLY_LOW,MetRS_REDUCED_SLOW,CONS_012,SOURCE_GENERAL_EXACT_CONSERVATION,2.524354896707238e-29,16.0
R3_GLY_LOW,MetRS_REDUCED_SLOW,CONS_013,SOURCE_GENERAL_EXACT_CONSERVATION,1.8594554302071072e-15,30.0
R3_GLY_LOW,MetRS_REDUCED_SLOW,CONS_014,SOURCE_GENERAL_EXACT_CONSERVATION,1.3877787814663415e-17,1.8
R3_GLY_LOW,MetRS_REDUCED_SLOW,CONS_015,SOURCE_GENERAL_EXACT_CONSERVATION,0.0,5.6
R3_GLY_LOW,MetRS_REDUCED_SLOW,CONS_016,SOURCE_GENERAL_EXACT_CONSERVATION,0.0,0.16
R3_GLY_LOW,MetRS_REDUCED_SLOW,CONS_017,SOURCE_GENERAL_EXACT_CONSERVATION,2.2187339839056753e-16,2.4
R3_GLY_LOW,MetRS_REDUCED_SLOW,CONS_018,SOURCE_GENERAL_EXACT_CONSERVATION,1.7719061047789027e-15,50000.0
R3_GLY_LOW,MetRS_REDUCED_SLOW,CONS_019,SOURCE_GENERAL_EXACT_CONSERVATION,0.0,124.4498943
R3_GLY_LOW,MetRS_REDUCED_SLOW,CONS_020,SOURCE_GENERAL_EXACT_CONSERVATION,3.944304526105059e-31,2.9
R3_GLY_LOW,MetRS_REDUCED_SLOW,CONS_021,SOURCE_GENERAL_EXACT_CONSERVATION,1.3813447540594454e-17,-2409.3
R3_GLY_LOW,MetRS_REDUCED_SLOW,CONS_022,SOURCE_GENERAL_EXACT_CONSERVATION,1.8932661725304283e-28,-563.25465632
R3_GLY_LOW,MetRS_REDUCED_SLOW,CONS_023,SOURCE_GENERAL_EXACT_CONSERVATION,1.8932661725304283e-28,29.65
R3_GLY_LOW,MetRS_REDUCED_SLOW,CONS_024,SOURCE_GENERAL_EXACT_CONSERVATION,4.7282122571679954e-29,-167.79232816
R3_GLY_LOW,MetRS_REDUCED_SLOW,CONS_025,SOURCE_GENERAL_EXACT_CONSERVATION,1.8932661725304283e-28,-63.69465632
R3_GLY_LOW,MetRS_REDUCED_SLOW,CONS_026,SOURCE_GENERAL_EXACT_CONSERVATION,1.8932661725304283e-28,-66.59465632
R3_GLY_LOW,MetRS_REDUCED_SLOW,CONS_027,SOURCE_GENERAL_EXACT_CONSERVATION,2.2022856629323777e-19,-76.53465632
R3_MET_LOW,SOURCE_PRIMARY,CONS_001,SOURCE_GENERAL_EXACT_CONSERVATION,8.428030359420992e-16,0.35
R3_MET_LOW,SOURCE_PRIMARY,CONS_002,SOURCE_GENERAL_EXACT_CONSERVATION,1.4827766558674534e-15,0.44
R3_MET_LOW,SOURCE_PRIMARY,CONS_003,SOURCE_GENERAL_EXACT_CONSERVATION,2.6939941798564504e-13,80.0
R3_MET_LOW,SOURCE_PRIMARY,CONS_004,SOURCE_GENERAL_EXACT_CONSERVATION,2.6152420073283222e-14,13.0
R3_MET_LOW,SOURCE_PRIMARY,CONS_005,SOURCE_GENERAL_EXACT_CONSERVATION,2.5626678793141977e-14,4.3
R3_MET_LOW,SOURCE_PRIMARY,CONS_006,SOURCE_GENERAL_EXACT_CONSERVATION,1.03064585359678e-12,99.0
R3_MET_LOW,SOURCE_PRIMARY,CONS_007,SOURCE_GENERAL_EXACT_CONSERVATION,1.5064497168696572e-14,4.1
R3_MET_LOW,SOURCE_PRIMARY,CONS_008,SOURCE_GENERAL_EXACT_CONSERVATION,1.1509584800405177e-14,4.9
R3_MET_LOW,SOURCE_PRIMARY,CONS_009,SOURCE_GENERAL_EXACT_CONSERVATION,7.597021563264875e-16,0.2
R3_MET_LOW,SOURCE_PRIMARY,CONS_010,SOURCE_GENERAL_EXACT_CONSERVATION,6.736959131699435e-16,0.2
R3_MET_LOW,SOURCE_PRIMARY,CONS_011,SOURCE_GENERAL_EXACT_CONSERVATION,1.6926928541011015e-15,0.7
R3_MET_LOW,SOURCE_PRIMARY,CONS_012,SOURCE_GENERAL_EXACT_CONSERVATION,1.4681106995583493e-14,16.0
R3_MET_LOW,SOURCE_PRIMARY,CONS_013,SOURCE_GENERAL_EXACT_CONSERVATION,1.0324862730921241e-13,30.0
R3_MET_LOW,SOURCE_PRIMARY,CONS_014,SOURCE_GENERAL_EXACT_CONSERVATION,5.958775139980332e-15,1.8
R3_MET_LOW,SOURCE_PRIMARY,CONS_015,SOURCE_GENERAL_EXACT_CONSERVATION,1.115626565155489e-14,5.6
R3_MET_LOW,SOURCE_PRIMARY,CONS_016,SOURCE_GENERAL_EXACT_CONSERVATION,8.66277535815918e-16,0.16
R3_MET_LOW,SOURCE_PRIMARY,CONS_017,SOURCE_GENERAL_EXACT_CONSERVATION,4.676912376478439e-15,2.4
R3_MET_LOW,SOURCE_PRIMARY,CONS_018,SOURCE_GENERAL_EXACT_CONSERVATION,9.607451980340805e-11,50000.0
R3_MET_LOW,SOURCE_PRIMARY,CONS_019,SOURCE_GENERAL_EXACT_CONSERVATION,3.960461787081565e-13,124.4498943
R3_MET_LOW,SOURCE_PRIMARY,CONS_020,SOURCE_GENERAL_EXACT_CONSERVATION,1.3158946520863517e-14,2.9
R3_MET_LOW,SOURCE_PRIMARY,CONS_021,SOURCE_GENERAL_EXACT_CONSERVATION,2.3136909850038847e-11,-2409.3
R3_MET_LOW,SOURCE_PRIMARY,CONS_022,SOURCE_GENERAL_EXACT_CONSERVATION,9.005376759998731e-13,246.74534368
R3_MET_LOW,SOURCE_PRIMARY,CONS_023,SOURCE_GENERAL_EXACT_CONSERVATION,8.105873700376229e-13,299.65
R3_MET_LOW,SOURCE_PRIMARY,CONS_024,SOURCE_GENERAL_EXACT_CONSERVATION,1.2682804053255018e-12,-167.79232816
R3_MET_LOW,SOURCE_PRIMARY,CONS_025,SOURCE_GENERAL_EXACT_CONSERVATION,2.9474241013504963e-13,-63.69465632
R3_MET_LOW,SOURCE_PRIMARY,CONS_026,SOURCE_GENERAL_EXACT_CONSERVATION,3.0592984125605045e-13,-66.59465632
R3_MET_LOW,SOURCE_PRIMARY,CONS_027,SOURCE_GENERAL_EXACT_CONSERVATION,6.503647230033837e-13,193.46534368
R3_MET_LOW,SOURCE_UNCERTAINTY,CONS_001,SOURCE_GENERAL_EXACT_CONSERVATION,5.933354085808624e-16,0.35
R3_MET_LOW,SOURCE_UNCERTAINTY,CONS_002,SOURCE_GENERAL_EXACT_CONSERVATION,6.100215877886408e-16,0.44
R3_MET_LOW,SOURCE_UNCERTAINTY,CONS_003,SOURCE_GENERAL_EXACT_CONSERVATION,1.6179654388252843e-13,80.0
R3_MET_LOW,SOURCE_UNCERTAINTY,CONS_004,SOURCE_GENERAL_EXACT_CONSERVATION,2.2745694217007895e-14,13.0
R3_MET_LOW,SOURCE_UNCERTAINTY,CONS_005,SOURCE_GENERAL_EXACT_CONSERVATION,8.826233235221474e-15,4.3
R3_MET_LOW,SOURCE_UNCERTAINTY,CONS_006,SOURCE_GENERAL_EXACT_CONSERVATION,2.3335560915537897e-13,99.0
R3_MET_LOW,SOURCE_UNCERTAINTY,CONS_007,SOURCE_GENERAL_EXACT_CONSERVATION,7.365189598506976e-15,4.1
R3_MET_LOW,SOURCE_UNCERTAINTY,CONS_008,SOURCE_GENERAL_EXACT_CONSERVATION,6.665783124096624e-15,4.9
R3_MET_LOW,SOURCE_UNCERTAINTY,CONS_009,SOURCE_GENERAL_EXACT_CONSERVATION,4.0453192418033954e-16,0.2
R3_MET_LOW,SOURCE_UNCERTAINTY,CONS_010,SOURCE_GENERAL_EXACT_CONSERVATION,3.002780890151874e-16,0.2
R3_MET_LOW,SOURCE_UNCERTAINTY,CONS_011,SOURCE_GENERAL_EXACT_CONSERVATION,1.0943179704358066e-15,0.7
R3_MET_LOW,SOURCE_UNCERTAINTY,CONS_012,SOURCE_GENERAL_EXACT_CONSERVATION,1.019681640014071e-14,16.0
R3_MET_LOW,SOURCE_UNCERTAINTY,CONS_013,SOURCE_GENERAL_EXACT_CONSERVATION,2.3603921551693108e-14,30.0
R3_MET_LOW,SOURCE_UNCERTAINTY,CONS_014,SOURCE_GENERAL_EXACT_CONSERVATION,2.4874037291705564e-15,1.8
R3_MET_LOW,SOURCE_UNCERTAINTY,CONS_015,SOURCE_GENERAL_EXACT_CONSERVATION,8.093975793418973e-15,5.6
R3_MET_LOW,SOURCE_UNCERTAINTY,CONS_016,SOURCE_GENERAL_EXACT_CONSERVATION,5.134239387805106e-16,0.16
R3_MET_LOW,SOURCE_UNCERTAINTY,CONS_017,SOURCE_GENERAL_EXACT_CONSERVATION,3.0117645573660146e-15,2.4
R3_MET_LOW,SOURCE_UNCERTAINTY,CONS_018,SOURCE_GENERAL_EXACT_CONSERVATION,7.523548277432734e-11,50000.0
R3_MET_LOW,SOURCE_UNCERTAINTY,CONS_019,SOURCE_GENERAL_EXACT_CONSERVATION,2.1666089061733729e-13,124.4498943
R3_MET_LOW,SOURCE_UNCERTAINTY,CONS_020,SOURCE_GENERAL_EXACT_CONSERVATION,4.884563608611129e-15,2.9
R3_MET_LOW,SOURCE_UNCERTAINTY,CONS_021,SOURCE_GENERAL_EXACT_CONSERVATION,3.578762150340333e-12,-2409.3
R3_MET_LOW,SOURCE_UNCERTAINTY,CONS_022,SOURCE_GENERAL_EXACT_CONSERVATION,4.920057797273324e-13,246.74534368
R3_MET_LOW,SOURCE_UNCERTAINTY,CONS_023,SOURCE_GENERAL_EXACT_CONSERVATION,4.4161448489385837e-13,299.65
R3_MET_LOW,SOURCE_UNCERTAINTY,CONS_024,SOURCE_GENERAL_EXACT_CONSERVATION,1.9021882465828302e-13,-167.79232816
R3_MET_LOW,SOURCE_UNCERTAINTY,CONS_025,SOURCE_GENERAL_EXACT_CONSERVATION,1.558902788194958e-13,-63.69465632
R3_MET_LOW,SOURCE_UNCERTAINTY,CONS_026,SOURCE_GENERAL_EXACT_CONSERVATION,1.511016248697038e-13,-66.59465632
R3_MET_LOW,SOURCE_UNCERTAINTY,CONS_027,SOURCE_GENERAL_EXACT_CONSERVATION,7.404131606793134e-13,193.46534368
R3_MET_LOW,GlyRS_REDUCED_SLOW,CONS_001,SOURCE_GENERAL_EXACT_CONSERVATION,7.372700568357387e-34,0.35
R3_MET_LOW,GlyRS_REDUCED_SLOW,CONS_002,SOURCE_GENERAL_EXACT_CONSERVATION,2.465190328815662e-32,0.44
R3_MET_LOW,GlyRS_REDUCED_SLOW,CONS_003,SOURCE_GENERAL_EXACT_CONSERVATION,1.8932661725304283e-29,80.0
R3_MET_LOW,GlyRS_REDUCED_SLOW,CONS_004,SOURCE_GENERAL_EXACT_CONSERVATION,7.888609052210118e-31,13.0
R3_MET_LOW,GlyRS_REDUCED_SLOW,CONS_005,SOURCE_GENERAL_EXACT_CONSERVATION,2.5309156974334144e-30,4.3
R3_MET_LOW,GlyRS_REDUCED_SLOW,CONS_006,SOURCE_GENERAL_EXACT_CONSERVATION,2.5196475485840311e-29,99.0
R3_MET_LOW,GlyRS_REDUCED_SLOW,CONS_007,SOURCE_GENERAL_EXACT_CONSERVATION,6.409494854920721e-31,4.1
R3_MET_LOW,GlyRS_REDUCED_SLOW,CONS_008,SOURCE_GENERAL_EXACT_CONSERVATION,1.5777218104420236e-30,4.9
R3_MET_LOW,GlyRS_REDUCED_SLOW,CONS_009,SOURCE_GENERAL_EXACT_CONSERVATION,1.5137809362883674e-31,0.2
R3_MET_LOW,GlyRS_REDUCED_SLOW,CONS_010,SOURCE_GENERAL_EXACT_CONSERVATION,1.9721522630525295e-31,0.2
R3_MET_LOW,GlyRS_REDUCED_SLOW,CONS_011,SOURCE_GENERAL_EXACT_CONSERVATION,1.9721522630525295e-31,0.7
R3_MET_LOW,GlyRS_REDUCED_SLOW,CONS_012,SOURCE_GENERAL_EXACT_CONSERVATION,2.524354896707238e-29,16.0
R3_MET_LOW,GlyRS_REDUCED_SLOW,CONS_013,SOURCE_GENERAL_EXACT_CONSERVATION,1.8751624386040765e-15,30.0
R3_MET_LOW,GlyRS_REDUCED_SLOW,CONS_014,SOURCE_GENERAL_EXACT_CONSERVATION,1.387778780707293e-17,1.8
R3_MET_LOW,GlyRS_REDUCED_SLOW,CONS_015,SOURCE_GENERAL_EXACT_CONSERVATION,9.860761315262648e-32,5.6
R3_MET_LOW,GlyRS_REDUCED_SLOW,CONS_016,SOURCE_GENERAL_EXACT_CONSERVATION,0.0,0.16
R3_MET_LOW,GlyRS_REDUCED_SLOW,CONS_017,SOURCE_GENERAL_EXACT_CONSERVATION,2.2174052009696701e-16,2.4
R3_MET_LOW,GlyRS_REDUCED_SLOW,CONS_018,SOURCE_GENERAL_EXACT_CONSERVATION,1.7763568394002505e-15,50000.0
R3_MET_LOW,GlyRS_REDUCED_SLOW,CONS_019,SOURCE_GENERAL_EXACT_CONSERVATION,1.1832913578315177e-29,124.4498943
R3_MET_LOW,GlyRS_REDUCED_SLOW,CONS_020,SOURCE_GENERAL_EXACT_CONSERVATION,6.656013887802287e-31,2.9
R3_MET_LOW,GlyRS_REDUCED_SLOW,CONS_021,SOURCE_GENERAL_EXACT_CONSERVATION,1.3770771147375396e-17,-2409.3
R3_MET_LOW,GlyRS_REDUCED_SLOW,CONS_022,SOURCE_GENERAL_EXACT_CONSERVATION,1.4706164528156122e-28,246.74534368
R3_MET_LOW,GlyRS_REDUCED_SLOW,CONS_023,SOURCE_GENERAL_EXACT_CONSERVATION,9.945815196431649e-29,299.65
R3_MET_LOW,GlyRS_REDUCED_SLOW,CONS_024,SOURCE_GENERAL_EXACT_CONSERVATION,2.5407974828584305e-29,-167.79232816
R3_MET_LOW,GlyRS_REDUCED_SLOW,CONS_025,SOURCE_GENERAL_EXACT_CONSERVATION,8.204153414298523e-29,-63.69465632
R3_MET_LOW,GlyRS_REDUCED_SLOW,CONS_026,SOURCE_GENERAL_EXACT_CONSERVATION,8.204153414298523e-29,-66.59465632
R3_MET_LOW,GlyRS_REDUCED_SLOW,CONS_027,SOURCE_GENERAL_EXACT_CONSERVATION,2.2361669807108357e-19,193.46534368
R3_MET_LOW,MetRS_REDUCED_SLOW,CONS_001,SOURCE_GENERAL_EXACT_CONSERVATION,0.0,0.35
R3_MET_LOW,MetRS_REDUCED_SLOW,CONS_002,SOURCE_GENERAL_EXACT_CONSERVATION,0.0,0.44
R3_MET_LOW,MetRS_REDUCED_SLOW,CONS_003,SOURCE_GENERAL_EXACT_CONSERVATION,8.851439452790866e-29,80.0
R3_MET_LOW,MetRS_REDUCED_SLOW,CONS_004,SOURCE_GENERAL_EXACT_CONSERVATION,1.5777218104420236e-30,13.0
R3_MET_LOW,MetRS_REDUCED_SLOW,CONS_005,SOURCE_GENERAL_EXACT_CONSERVATION,7.695596347513433e-31,4.3
R3_MET_LOW,MetRS_REDUCED_SLOW,CONS_006,SOURCE_GENERAL_EXACT_CONSERVATION,2.4435446818000722e-29,99.0
R3_MET_LOW,MetRS_REDUCED_SLOW,CONS_007,SOURCE_GENERAL_EXACT_CONSERVATION,1.4656326876786865e-30,4.1
R3_MET_LOW,MetRS_REDUCED_SLOW,CONS_008,SOURCE_GENERAL_EXACT_CONSERVATION,1.5777218104420236e-30,4.9
R3_MET_LOW,MetRS_REDUCED_SLOW,CONS_009,SOURCE_GENERAL_EXACT_CONSERVATION,1.7256332301709633e-31,0.2
R3_MET_LOW,MetRS_REDUCED_SLOW,CONS_010,SOURCE_GENERAL_EXACT_CONSERVATION,1.9721522630525295e-31,0.2
R3_MET_LOW,MetRS_REDUCED_SLOW,CONS_011,SOURCE_GENERAL_EXACT_CONSERVATION,1.9721522630525295e-31,0.7
R3_MET_LOW,MetRS_REDUCED_SLOW,CONS_012,SOURCE_GENERAL_EXACT_CONSERVATION,1.5777218104420236e-29,16.0
R3_MET_LOW,MetRS_REDUCED_SLOW,CONS_013,SOURCE_GENERAL_EXACT_CONSERVATION,1.7715791500612626e-15,30.0
R3_MET_LOW,MetRS_REDUCED_SLOW,CONS_014,SOURCE_GENERAL_EXACT_CONSERVATION,1.38777878117487e-17,1.8
R3_MET_LOW,MetRS_REDUCED_SLOW,CONS_015,SOURCE_GENERAL_EXACT_CONSERVATION,0.0,5.6
R3_MET_LOW,MetRS_REDUCED_SLOW,CONS_016,SOURCE_GENERAL_EXACT_CONSERVATION,0.0,0.16
R3_MET_LOW,MetRS_REDUCED_SLOW,CONS_017,SOURCE_GENERAL_EXACT_CONSERVATION,2.2161674740754948e-16,2.4
R3_MET_LOW,MetRS_REDUCED_SLOW,CONS_018,SOURCE_GENERAL_EXACT_CONSERVATION,1.7734294935345396e-15,50000.0
R3_MET_LOW,MetRS_REDUCED_SLOW,CONS_019,SOURCE_GENERAL_EXACT_CONSERVATION,0.0,124.4498943
R3_MET_LOW,MetRS_REDUCED_SLOW,CONS_020,SOURCE_GENERAL_EXACT_CONSERVATION,1.5777218104420236e-30,2.9
R3_MET_LOW,MetRS_REDUCED_SLOW,CONS_021,SOURCE_GENERAL_EXACT_CONSERVATION,1.3845188143265763e-17,-2409.3
R3_MET_LOW,MetRS_REDUCED_SLOW,CONS_022,SOURCE_GENERAL_EXACT_CONSERVATION,2.2707536116353324e-28,246.74534368
R3_MET_LOW,MetRS_REDUCED_SLOW,CONS_023,SOURCE_GENERAL_EXACT_CONSERVATION,1.6940787939621229e-28,299.65
R3_MET_LOW,MetRS_REDUCED_SLOW,CONS_024,SOURCE_GENERAL_EXACT_CONSERVATION,8.851439452790866e-29,-167.79232816
R3_MET_LOW,MetRS_REDUCED_SLOW,CONS_025,SOURCE_GENERAL_EXACT_CONSERVATION,1.277957299565385e-28,-63.69465632
R3_MET_LOW,MetRS_REDUCED_SLOW,CONS_026,SOURCE_GENERAL_EXACT_CONSERVATION,1.2764319760200616e-28,-66.59465632
R3_MET_LOW,MetRS_REDUCED_SLOW,CONS_027,SOURCE_GENERAL_EXACT_CONSERVATION,2.202285662382577e-19,193.46534368
R3_TRNA_LOW,SOURCE_PRIMARY,CONS_001,SOURCE_GENERAL_EXACT_CONSERVATION,1.3523775929619626e-15,0.35
R3_TRNA_LOW,SOURCE_PRIMARY,CONS_002,SOURCE_GENERAL_EXACT_CONSERVATION,1.5085685090515796e-15,0.44
R3_TRNA_LOW,SOURCE_PRIMARY,CONS_003,SOURCE_GENERAL_EXACT_CONSERVATION,2.2451753876389414e-13,80.0
R3_TRNA_LOW,SOURCE_PRIMARY,CONS_004,SOURCE_GENERAL_EXACT_CONSERVATION,5.377642775528102e-14,13.0
R3_TRNA_LOW,SOURCE_PRIMARY,CONS_005,SOURCE_GENERAL_EXACT_CONSERVATION,1.5495430482258287e-14,4.3
R3_TRNA_LOW,SOURCE_PRIMARY,CONS_006,SOURCE_GENERAL_EXACT_CONSERVATION,2.375316782766897e-13,99.0
R3_TRNA_LOW,SOURCE_PRIMARY,CONS_007,SOURCE_GENERAL_EXACT_CONSERVATION,1.591884071044662e-14,4.1
R3_TRNA_LOW,SOURCE_PRIMARY,CONS_008,SOURCE_GENERAL_EXACT_CONSERVATION,6.747979807741208e-15,4.9
R3_TRNA_LOW,SOURCE_PRIMARY,CONS_009,SOURCE_GENERAL_EXACT_CONSERVATION,4.1758046673279203e-16,0.2
R3_TRNA_LOW,SOURCE_PRIMARY,CONS_010,SOURCE_GENERAL_EXACT_CONSERVATION,1.6686737327217134e-16,0.2
R3_TRNA_LOW,SOURCE_PRIMARY,CONS_011,SOURCE_GENERAL_EXACT_CONSERVATION,1.287320939385174e-15,0.7
R3_TRNA_LOW,SOURCE_PRIMARY,CONS_012,SOURCE_GENERAL_EXACT_CONSERVATION,1.864759143640102e-14,16.0
R3_TRNA_LOW,SOURCE_PRIMARY,CONS_013,SOURCE_GENERAL_EXACT_CONSERVATION,6.190287540376593e-14,30.0
R3_TRNA_LOW,SOURCE_PRIMARY,CONS_014,SOURCE_GENERAL_EXACT_CONSERVATION,3.109925511557421e-15,1.8
R3_TRNA_LOW,SOURCE_PRIMARY,CONS_015,SOURCE_GENERAL_EXACT_CONSERVATION,3.30385455186424e-14,5.6
R3_TRNA_LOW,SOURCE_PRIMARY,CONS_016,SOURCE_GENERAL_EXACT_CONSERVATION,7.900174655087189e-16,0.16
R3_TRNA_LOW,SOURCE_PRIMARY,CONS_017,SOURCE_GENERAL_EXACT_CONSERVATION,6.203662105910444e-15,2.4
R3_TRNA_LOW,SOURCE_PRIMARY,CONS_018,SOURCE_GENERAL_EXACT_CONSERVATION,2.3680765681710625e-10,50000.0
R3_TRNA_LOW,SOURCE_PRIMARY,CONS_019,SOURCE_GENERAL_EXACT_CONSERVATION,2.953017704277345e-13,124.4498943
R3_TRNA_LOW,SOURCE_PRIMARY,CONS_020,SOURCE_GENERAL_EXACT_CONSERVATION,5.572521817568995e-15,2.9
R3_TRNA_LOW,SOURCE_PRIMARY,CONS_021,SOURCE_GENERAL_EXACT_CONSERVATION,1.620877902420259e-11,-2409.3
R3_TRNA_LOW,SOURCE_PRIMARY,CONS_022,SOURCE_GENERAL_EXACT_CONSERVATION,1.2527042045742047e-12,-299.640465632
R3_TRNA_LOW,SOURCE_PRIMARY,CONS_023,SOURCE_GENERAL_EXACT_CONSERVATION,5.863425168160845e-13,299.65
R3_TRNA_LOW,SOURCE_PRIMARY,CONS_024,SOURCE_GENERAL_EXACT_CONSERVATION,2.846023287445082e-13,-170.985232816
R3_TRNA_LOW,SOURCE_PRIMARY,CONS_025,SOURCE_GENERAL_EXACT_CONSERVATION,2.635493931658254e-13,-70.080465632
R3_TRNA_LOW,SOURCE_PRIMARY,CONS_026,SOURCE_GENERAL_EXACT_CONSERVATION,2.602151412239998e-13,-72.980465632
R3_TRNA_LOW,SOURCE_PRIMARY,CONS_027,SOURCE_GENERAL_EXACT_CONSERVATION,7.125797864300418e-13,187.079534368
R3_TRNA_LOW,SOURCE_UNCERTAINTY,CONS_001,SOURCE_GENERAL_EXACT_CONSERVATION,3.608324903325754e-16,0.35
R3_TRNA_LOW,SOURCE_UNCERTAINTY,CONS_002,SOURCE_GENERAL_EXACT_CONSERVATION,8.096116096629078e-16,0.44
R3_TRNA_LOW,SOURCE_UNCERTAINTY,CONS_003,SOURCE_GENERAL_EXACT_CONSERVATION,1.6846902286934615e-13,80.0
R3_TRNA_LOW,SOURCE_UNCERTAINTY,CONS_004,SOURCE_GENERAL_EXACT_CONSERVATION,2.5895952049381776e-14,13.0
R3_TRNA_LOW,SOURCE_UNCERTAINTY,CONS_005,SOURCE_GENERAL_EXACT_CONSERVATION,1.8225661464148825e-14,4.3
R3_TRNA_LOW,SOURCE_UNCERTAINTY,CONS_006,SOURCE_GENERAL_EXACT_CONSERVATION,1.6427813677623084e-13,99.0
R3_TRNA_LOW,SOURCE_UNCERTAINTY,CONS_007,SOURCE_GENERAL_EXACT_CONSERVATION,1.2777304809847587e-14,4.1
R3_TRNA_LOW,SOURCE_UNCERTAINTY,CONS_008,SOURCE_GENERAL_EXACT_CONSERVATION,9.098215620972858e-15,4.9
R3_TRNA_LOW,SOURCE_UNCERTAINTY,CONS_009,SOURCE_GENERAL_EXACT_CONSERVATION,4.740186955248197e-16,0.2
R3_TRNA_LOW,SOURCE_UNCERTAINTY,CONS_010,SOURCE_GENERAL_EXACT_CONSERVATION,2.0143147581844667e-16,0.2
R3_TRNA_LOW,SOURCE_UNCERTAINTY,CONS_011,SOURCE_GENERAL_EXACT_CONSERVATION,1.6909200141424982e-15,0.7
R3_TRNA_LOW,SOURCE_UNCERTAINTY,CONS_012,SOURCE_GENERAL_EXACT_CONSERVATION,1.3769775633798995e-14,16.0
R3_TRNA_LOW,SOURCE_UNCERTAINTY,CONS_013,SOURCE_GENERAL_EXACT_CONSERVATION,4.508893258758917e-14,30.0
R3_TRNA_LOW,SOURCE_UNCERTAINTY,CONS_014,SOURCE_GENERAL_EXACT_CONSERVATION,1.2881406011300278e-15,1.8
R3_TRNA_LOW,SOURCE_UNCERTAINTY,CONS_015,SOURCE_GENERAL_EXACT_CONSERVATION,7.333544024087544e-15,5.6
R3_TRNA_LOW,SOURCE_UNCERTAINTY,CONS_016,SOURCE_GENERAL_EXACT_CONSERVATION,4.610434213223047e-16,0.16
R3_TRNA_LOW,SOURCE_UNCERTAINTY,CONS_017,SOURCE_GENERAL_EXACT_CONSERVATION,3.787479024527397e-15,2.4
R3_TRNA_LOW,SOURCE_UNCERTAINTY,CONS_018,SOURCE_GENERAL_EXACT_CONSERVATION,7.53576367973352e-11,50000.0
R3_TRNA_LOW,SOURCE_UNCERTAINTY,CONS_019,SOURCE_GENERAL_EXACT_CONSERVATION,1.6188746418370956e-13,124.4498943
R3_TRNA_LOW,SOURCE_UNCERTAINTY,CONS_020,SOURCE_GENERAL_EXACT_CONSERVATION,6.438295993612852e-15,2.9
R3_TRNA_LOW,SOURCE_UNCERTAINTY,CONS_021,SOURCE_GENERAL_EXACT_CONSERVATION,6.7734370947344685e-12,-2409.3
R3_TRNA_LOW,SOURCE_UNCERTAINTY,CONS_022,SOURCE_GENERAL_EXACT_CONSERVATION,1.730964288072748e-12,-299.640465632
R3_TRNA_LOW,SOURCE_UNCERTAINTY,CONS_023,SOURCE_GENERAL_EXACT_CONSERVATION,3.7541144271411273e-13,299.65
R3_TRNA_LOW,SOURCE_UNCERTAINTY,CONS_024,SOURCE_GENERAL_EXACT_CONSERVATION,1.6050943807542816e-13,-170.985232816
R3_TRNA_LOW,SOURCE_UNCERTAINTY,CONS_025,SOURCE_GENERAL_EXACT_CONSERVATION,1.730924420136021e-13,-70.080465632
R3_TRNA_LOW,SOURCE_UNCERTAINTY,CONS_026,SOURCE_GENERAL_EXACT_CONSERVATION,1.6686417573655132e-13,-72.980465632
R3_TRNA_LOW,SOURCE_UNCERTAINTY,CONS_027,SOURCE_GENERAL_EXACT_CONSERVATION,5.51291581127883e-13,187.079534368
R3_TRNA_LOW,GlyRS_REDUCED_SLOW,CONS_001,SOURCE_GENERAL_EXACT_CONSERVATION,8.673326450666966e-35,0.35
R3_TRNA_LOW,GlyRS_REDUCED_SLOW,CONS_002,SOURCE_GENERAL_EXACT_CONSERVATION,0.0,0.44
R3_TRNA_LOW,GlyRS_REDUCED_SLOW,CONS_003,SOURCE_GENERAL_EXACT_CONSERVATION,2.4378445196413145e-29,80.0
R3_TRNA_LOW,GlyRS_REDUCED_SLOW,CONS_004,SOURCE_GENERAL_EXACT_CONSERVATION,7.642090019328552e-31,13.0
R3_TRNA_LOW,GlyRS_REDUCED_SLOW,CONS_005,SOURCE_GENERAL_EXACT_CONSERVATION,7.842386733544824e-31,4.3
R3_TRNA_LOW,GlyRS_REDUCED_SLOW,CONS_006,SOURCE_GENERAL_EXACT_CONSERVATION,1.1281959794128932e-29,99.0
R3_TRNA_LOW,GlyRS_REDUCED_SLOW,CONS_007,SOURCE_GENERAL_EXACT_CONSERVATION,1.5777218104420236e-30,4.1
R3_TRNA_LOW,GlyRS_REDUCED_SLOW,CONS_008,SOURCE_GENERAL_EXACT_CONSERVATION,3.1554436208840472e-30,4.9
R3_TRNA_LOW,GlyRS_REDUCED_SLOW,CONS_009,SOURCE_GENERAL_EXACT_CONSERVATION,9.860761315262648e-32,0.2
R3_TRNA_LOW,GlyRS_REDUCED_SLOW,CONS_010,SOURCE_GENERAL_EXACT_CONSERVATION,8.628166150854817e-32,0.2
R3_TRNA_LOW,GlyRS_REDUCED_SLOW,CONS_011,SOURCE_GENERAL_EXACT_CONSERVATION,7.703719777548943e-32,0.7
R3_TRNA_LOW,GlyRS_REDUCED_SLOW,CONS_012,SOURCE_GENERAL_EXACT_CONSERVATION,3.1554436208840472e-30,16.0
R3_TRNA_LOW,GlyRS_REDUCED_SLOW,CONS_013,SOURCE_GENERAL_EXACT_CONSERVATION,1.8662338113675098e-15,30.0
R3_TRNA_LOW,GlyRS_REDUCED_SLOW,CONS_014,SOURCE_GENERAL_EXACT_CONSERVATION,1.387778780868664e-17,1.8
R3_TRNA_LOW,GlyRS_REDUCED_SLOW,CONS_015,SOURCE_GENERAL_EXACT_CONSERVATION,9.860761315262648e-32,5.6
R3_TRNA_LOW,GlyRS_REDUCED_SLOW,CONS_016,SOURCE_GENERAL_EXACT_CONSERVATION,0.0,0.16
R3_TRNA_LOW,GlyRS_REDUCED_SLOW,CONS_017,SOURCE_GENERAL_EXACT_CONSERVATION,2.2158868944117168e-16,2.4
R3_TRNA_LOW,GlyRS_REDUCED_SLOW,CONS_018,SOURCE_GENERAL_EXACT_CONSERVATION,1.7694145573645542e-15,50000.0
R3_TRNA_LOW,GlyRS_REDUCED_SLOW,CONS_019,SOURCE_GENERAL_EXACT_CONSERVATION,1.262177448353619e-29,124.4498943
R3_TRNA_LOW,GlyRS_REDUCED_SLOW,CONS_020,SOURCE_GENERAL_EXACT_CONSERVATION,1.5777218104420236e-30,2.9
R3_TRNA_LOW,GlyRS_REDUCED_SLOW,CONS_021,SOURCE_GENERAL_EXACT_CONSERVATION,1.383421412414524e-17,-2409.3
R3_TRNA_LOW,GlyRS_REDUCED_SLOW,CONS_022,SOURCE_GENERAL_EXACT_CONSERVATION,2.0194839173657902e-28,-299.640465632
R3_TRNA_LOW,GlyRS_REDUCED_SLOW,CONS_023,SOURCE_GENERAL_EXACT_CONSERVATION,2.0194839173657902e-28,299.65
R3_TRNA_LOW,GlyRS_REDUCED_SLOW,CONS_024,SOURCE_GENERAL_EXACT_CONSERVATION,2.4378445196413145e-29,-170.985232816
R3_TRNA_LOW,GlyRS_REDUCED_SLOW,CONS_025,SOURCE_GENERAL_EXACT_CONSERVATION,2.0194839173657902e-28,-70.080465632
R3_TRNA_LOW,GlyRS_REDUCED_SLOW,CONS_026,SOURCE_GENERAL_EXACT_CONSERVATION,2.0194839173657902e-28,-72.980465632
R3_TRNA_LOW,GlyRS_REDUCED_SLOW,CONS_027,SOURCE_GENERAL_EXACT_CONSERVATION,1.113848325538398e-19,187.079534368
R3_TRNA_LOW,MetRS_REDUCED_SLOW,CONS_001,SOURCE_GENERAL_EXACT_CONSERVATION,0.0,0.35
R3_TRNA_LOW,MetRS_REDUCED_SLOW,CONS_002,SOURCE_GENERAL_EXACT_CONSERVATION,0.0,0.44
R3_TRNA_LOW,MetRS_REDUCED_SLOW,CONS_003,SOURCE_GENERAL_EXACT_CONSERVATION,4.6700061658888774e-29,80.0
R3_TRNA_LOW,MetRS_REDUCED_SLOW,CONS_004,SOURCE_GENERAL_EXACT_CONSERVATION,2.2186712959340957e-31,13.0
R3_TRNA_LOW,MetRS_REDUCED_SLOW,CONS_005,SOURCE_GENERAL_EXACT_CONSERVATION,1.5777218104420236e-30,4.3
R3_TRNA_LOW,MetRS_REDUCED_SLOW,CONS_006,SOURCE_GENERAL_EXACT_CONSERVATION,2.524354896707238e-29,99.0
R3_TRNA_LOW,MetRS_REDUCED_SLOW,CONS_007,SOURCE_GENERAL_EXACT_CONSERVATION,1.4791141972893971e-30,4.1
R3_TRNA_LOW,MetRS_REDUCED_SLOW,CONS_008,SOURCE_GENERAL_EXACT_CONSERVATION,1.0879578255843495e-30,4.9
R3_TRNA_LOW,MetRS_REDUCED_SLOW,CONS_009,SOURCE_GENERAL_EXACT_CONSERVATION,9.55261252416069e-32,0.2
R3_TRNA_LOW,MetRS_REDUCED_SLOW,CONS_010,SOURCE_GENERAL_EXACT_CONSERVATION,3.697785493223493e-32,0.2
R3_TRNA_LOW,MetRS_REDUCED_SLOW,CONS_011,SOURCE_GENERAL_EXACT_CONSERVATION,1.4791141972893971e-31,0.7
R3_TRNA_LOW,MetRS_REDUCED_SLOW,CONS_012,SOURCE_GENERAL_EXACT_CONSERVATION,1.262177448353619e-29,16.0
R3_TRNA_LOW,MetRS_REDUCED_SLOW,CONS_013,SOURCE_GENERAL_EXACT_CONSERVATION,1.8453245415074427e-15,30.0
R3_TRNA_LOW,MetRS_REDUCED_SLOW,CONS_014,SOURCE_GENERAL_EXACT_CONSERVATION,1.387778780843869e-17,1.8
R3_TRNA_LOW,MetRS_REDUCED_SLOW,CONS_015,SOURCE_GENERAL_EXACT_CONSERVATION,0.0,5.6
R3_TRNA_LOW,MetRS_REDUCED_SLOW,CONS_016,SOURCE_GENERAL_EXACT_CONSERVATION,0.0,0.16
R3_TRNA_LOW,MetRS_REDUCED_SLOW,CONS_017,SOURCE_GENERAL_EXACT_CONSERVATION,2.2067834078111012e-16,2.4
R3_TRNA_LOW,MetRS_REDUCED_SLOW,CONS_018,SOURCE_GENERAL_EXACT_CONSERVATION,1.773558677057913e-15,50000.0
R3_TRNA_LOW,MetRS_REDUCED_SLOW,CONS_019,SOURCE_GENERAL_EXACT_CONSERVATION,0.0,124.4498943
R3_TRNA_LOW,MetRS_REDUCED_SLOW,CONS_020,SOURCE_GENERAL_EXACT_CONSERVATION,7.888609052210118e-31,2.9
R3_TRNA_LOW,MetRS_REDUCED_SLOW,CONS_021,SOURCE_GENERAL_EXACT_CONSERVATION,1.380705638918076e-17,-2409.3
R3_TRNA_LOW,MetRS_REDUCED_SLOW,CONS_022,SOURCE_GENERAL_EXACT_CONSERVATION,4.0389678347315804e-28,-299.640465632
R3_TRNA_LOW,MetRS_REDUCED_SLOW,CONS_023,SOURCE_GENERAL_EXACT_CONSERVATION,3.0292258760486853e-28,299.65
R3_TRNA_LOW,MetRS_REDUCED_SLOW,CONS_024,SOURCE_GENERAL_EXACT_CONSERVATION,4.6700061658888774e-29,-170.985232816
R3_TRNA_LOW,MetRS_REDUCED_SLOW,CONS_025,SOURCE_GENERAL_EXACT_CONSERVATION,3.155443620884047e-28,-70.080465632
R3_TRNA_LOW,MetRS_REDUCED_SLOW,CONS_026,SOURCE_GENERAL_EXACT_CONSERVATION,3.155443620884047e-28,-72.980465632
R3_TRNA_LOW,MetRS_REDUCED_SLOW,CONS_027,SOURCE_GENERAL_EXACT_CONSERVATION,1.1223186542852416e-19,187.079534368
R3_ATP_LOW,SOURCE_PRIMARY,CONS_001,SOURCE_GENERAL_EXACT_CONSERVATION,4.358163474148901e-16,0.35
R3_ATP_LOW,SOURCE_PRIMARY,CONS_002,SOURCE_GENERAL_EXACT_CONSERVATION,1.0697677781522255e-15,0.44
R3_ATP_LOW,SOURCE_PRIMARY,CONS_003,SOURCE_GENERAL_EXACT_CONSERVATION,1.2465644717228304e-13,80.0
R3_ATP_LOW,SOURCE_PRIMARY,CONS_004,SOURCE_GENERAL_EXACT_CONSERVATION,2.6745099190872423e-14,13.0
R3_ATP_LOW,SOURCE_PRIMARY,CONS_005,SOURCE_GENERAL_EXACT_CONSERVATION,1.0832900385628858e-14,4.3
R3_ATP_LOW,SOURCE_PRIMARY,CONS_006,SOURCE_GENERAL_EXACT_CONSERVATION,2.750099912840234e-13,99.0
R3_ATP_LOW,SOURCE_PRIMARY,CONS_007,SOURCE_GENERAL_EXACT_CONSERVATION,9.170013055672115e-15,4.1
R3_ATP_LOW,SOURCE_PRIMARY,CONS_008,SOURCE_GENERAL_EXACT_CONSERVATION,9.603047267586222e-15,4.9
R3_ATP_LOW,SOURCE_PRIMARY,CONS_009,SOURCE_GENERAL_EXACT_CONSERVATION,4.1976327063786636e-16,0.2
R3_ATP_LOW,SOURCE_PRIMARY,CONS_010,SOURCE_GENERAL_EXACT_CONSERVATION,4.495820067547699e-16,0.2
R3_ATP_LOW,SOURCE_PRIMARY,CONS_011,SOURCE_GENERAL_EXACT_CONSERVATION,2.494811641099226e-15,0.7
R3_ATP_LOW,SOURCE_PRIMARY,CONS_012,SOURCE_GENERAL_EXACT_CONSERVATION,3.7404384780543904e-14,16.0
R3_ATP_LOW,SOURCE_PRIMARY,CONS_013,SOURCE_GENERAL_EXACT_CONSERVATION,4.9682480351975755e-14,30.0
R3_ATP_LOW,SOURCE_PRIMARY,CONS_014,SOURCE_GENERAL_EXACT_CONSERVATION,1.635318013875708e-15,1.8
R3_ATP_LOW,SOURCE_PRIMARY,CONS_015,SOURCE_GENERAL_EXACT_CONSERVATION,2.4683945310649807e-14,5.6
R3_ATP_LOW,SOURCE_PRIMARY,CONS_016,SOURCE_GENERAL_EXACT_CONSERVATION,1.0550913441542686e-15,0.16
R3_ATP_LOW,SOURCE_PRIMARY,CONS_017,SOURCE_GENERAL_EXACT_CONSERVATION,7.503288897321714e-15,2.4
R3_ATP_LOW,SOURCE_PRIMARY,CONS_018,SOURCE_GENERAL_EXACT_CONSERVATION,1.0336059785842622e-10,50000.0
R3_ATP_LOW,SOURCE_PRIMARY,CONS_019,SOURCE_GENERAL_EXACT_CONSERVATION,1.8498513556049938e-13,124.4498943
R3_ATP_LOW,SOURCE_PRIMARY,CONS_020,SOURCE_GENERAL_EXACT_CONSERVATION,4.228678037115511e-15,2.9
R3_ATP_LOW,SOURCE_PRIMARY,CONS_021,SOURCE_GENERAL_EXACT_CONSERVATION,8.187376164614613e-12,-2409.3
R3_ATP_LOW,SOURCE_PRIMARY,CONS_022,SOURCE_GENERAL_EXACT_CONSERVATION,3.939295768481551e-12,-293.25465632
R3_ATP_LOW,SOURCE_PRIMARY,CONS_023,SOURCE_GENERAL_EXACT_CONSERVATION,8.568703734445947e-13,299.65
R3_ATP_LOW,SOURCE_PRIMARY,CONS_024,SOURCE_GENERAL_EXACT_CONSERVATION,1.7323648960726505e-13,-167.79232816
R3_ATP_LOW,SOURCE_PRIMARY,CONS_025,SOURCE_GENERAL_EXACT_CONSERVATION,1.4001906643377484e-13,-63.69465632
R3_ATP_LOW,SOURCE_PRIMARY,CONS_026,SOURCE_GENERAL_EXACT_CONSERVATION,1.4190590145944175e-13,-66.59465632
R3_ATP_LOW,SOURCE_PRIMARY,CONS_027,SOURCE_GENERAL_EXACT_CONSERVATION,9.17851048897958e-13,193.46534368
R3_ATP_LOW,SOURCE_UNCERTAINTY,CONS_001,SOURCE_GENERAL_EXACT_CONSERVATION,5.022909124346176e-16,0.35
R3_ATP_LOW,SOURCE_UNCERTAINTY,CONS_002,SOURCE_GENERAL_EXACT_CONSERVATION,1.4106694350722287e-15,0.44
R3_ATP_LOW,SOURCE_UNCERTAINTY,CONS_003,SOURCE_GENERAL_EXACT_CONSERVATION,1.1168538611164769e-13,80.0
R3_ATP_LOW,SOURCE_UNCERTAINTY,CONS_004,SOURCE_GENERAL_EXACT_CONSERVATION,2.6048607715267735e-14,13.0
R3_ATP_LOW,SOURCE_UNCERTAINTY,CONS_005,SOURCE_GENERAL_EXACT_CONSERVATION,1.2123699888113995e-14,4.3
R3_ATP_LOW,SOURCE_UNCERTAINTY,CONS_006,SOURCE_GENERAL_EXACT_CONSERVATION,2.484547006401882e-13,99.0
R3_ATP_LOW,SOURCE_UNCERTAINTY,CONS_007,SOURCE_GENERAL_EXACT_CONSERVATION,1.1117046300897387e-14,4.1
R3_ATP_LOW,SOURCE_UNCERTAINTY,CONS_008,SOURCE_GENERAL_EXACT_CONSERVATION,3.911701620010109e-15,4.9
R3_ATP_LOW,SOURCE_UNCERTAINTY,CONS_009,SOURCE_GENERAL_EXACT_CONSERVATION,2.9574917683036425e-16,0.2
R3_ATP_LOW,SOURCE_UNCERTAINTY,CONS_010,SOURCE_GENERAL_EXACT_CONSERVATION,2.389520906188315e-16,0.2
R3_ATP_LOW,SOURCE_UNCERTAINTY,CONS_011,SOURCE_GENERAL_EXACT_CONSERVATION,8.228456699825476e-16,0.7
R3_ATP_LOW,SOURCE_UNCERTAINTY,CONS_012,SOURCE_GENERAL_EXACT_CONSERVATION,1.246693264381134e-14,16.0
R3_ATP_LOW,SOURCE_UNCERTAINTY,CONS_013,SOURCE_GENERAL_EXACT_CONSERVATION,6.427866051927911e-14,30.0
R3_ATP_LOW,SOURCE_UNCERTAINTY,CONS_014,SOURCE_GENERAL_EXACT_CONSERVATION,5.815660453212246e-15,1.8
R3_ATP_LOW,SOURCE_UNCERTAINTY,CONS_015,SOURCE_GENERAL_EXACT_CONSERVATION,5.4890445487509876e-15,5.6
R3_ATP_LOW,SOURCE_UNCERTAINTY,CONS_016,SOURCE_GENERAL_EXACT_CONSERVATION,2.56061448086764e-16,0.16
R3_ATP_LOW,SOURCE_UNCERTAINTY,CONS_017,SOURCE_GENERAL_EXACT_CONSERVATION,4.4389947446987765e-15,2.4
R3_ATP_LOW,SOURCE_UNCERTAINTY,CONS_018,SOURCE_GENERAL_EXACT_CONSERVATION,1.4940845847848105e-10,50000.0
R3_ATP_LOW,SOURCE_UNCERTAINTY,CONS_019,SOURCE_GENERAL_EXACT_CONSERVATION,7.565522102022382e-14,124.4498943
R3_ATP_LOW,SOURCE_UNCERTAINTY,CONS_020,SOURCE_GENERAL_EXACT_CONSERVATION,5.244867290551557e-15,2.9
R3_ATP_LOW,SOURCE_UNCERTAINTY,CONS_021,SOURCE_GENERAL_EXACT_CONSERVATION,5.704641712523273e-12,-2409.3
R3_ATP_LOW,SOURCE_UNCERTAINTY,CONS_022,SOURCE_GENERAL_EXACT_CONSERVATION,3.268790202048705e-12,-293.25465632
R3_ATP_LOW,SOURCE_UNCERTAINTY,CONS_023,SOURCE_GENERAL_EXACT_CONSERVATION,5.467328354709927e-13,299.65
R3_ATP_LOW,SOURCE_UNCERTAINTY,CONS_024,SOURCE_GENERAL_EXACT_CONSERVATION,3.24443131296668e-13,-167.79232816
R3_ATP_LOW,SOURCE_UNCERTAINTY,CONS_025,SOURCE_GENERAL_EXACT_CONSERVATION,1.0233320549704518e-13,-63.69465632
R3_ATP_LOW,SOURCE_UNCERTAINTY,CONS_026,SOURCE_GENERAL_EXACT_CONSERVATION,1.0706336184552732e-13,-66.59465632
R3_ATP_LOW,SOURCE_UNCERTAINTY,CONS_027,SOURCE_GENERAL_EXACT_CONSERVATION,7.114606482449118e-13,193.46534368
R3_ATP_LOW,GlyRS_REDUCED_SLOW,CONS_001,SOURCE_GENERAL_EXACT_CONSERVATION,6.770847460736376e-36,0.35
R3_ATP_LOW,GlyRS_REDUCED_SLOW,CONS_002,SOURCE_GENERAL_EXACT_CONSERVATION,0.0,0.44
R3_ATP_LOW,GlyRS_REDUCED_SLOW,CONS_003,SOURCE_GENERAL_EXACT_CONSERVATION,1.2113328978217959e-29,80.0
R3_ATP_LOW,GlyRS_REDUCED_SLOW,CONS_004,SOURCE_GENERAL_EXACT_CONSERVATION,7.888609052210118e-31,13.0
R3_ATP_LOW,GlyRS_REDUCED_SLOW,CONS_005,SOURCE_GENERAL_EXACT_CONSERVATION,7.888609052210118e-31,4.3
R3_ATP_LOW,GlyRS_REDUCED_SLOW,CONS_006,SOURCE_GENERAL_EXACT_CONSERVATION,1.2099368995386689e-29,99.0
R3_ATP_LOW,GlyRS_REDUCED_SLOW,CONS_007,SOURCE_GENERAL_EXACT_CONSERVATION,7.869692233944319e-31,4.1
R3_ATP_LOW,GlyRS_REDUCED_SLOW,CONS_008,SOURCE_GENERAL_EXACT_CONSERVATION,7.85876452191718e-31,4.9
R3_ATP_LOW,GlyRS_REDUCED_SLOW,CONS_009,SOURCE_GENERAL_EXACT_CONSERVATION,9.675541021392281e-33,0.2
R3_ATP_LOW,GlyRS_REDUCED_SLOW,CONS_010,SOURCE_GENERAL_EXACT_CONSERVATION,6.162975822039155e-33,0.2
R3_ATP_LOW,GlyRS_REDUCED_SLOW,CONS_011,SOURCE_GENERAL_EXACT_CONSERVATION,4.7209064560415755e-32,0.7
R3_ATP_LOW,GlyRS_REDUCED_SLOW,CONS_012,SOURCE_GENERAL_EXACT_CONSERVATION,3.944304526105059e-31,16.0
R3_ATP_LOW,GlyRS_REDUCED_SLOW,CONS_013,SOURCE_GENERAL_EXACT_CONSERVATION,1.7624790516176385e-15,30.0
R3_ATP_LOW,GlyRS_REDUCED_SLOW,CONS_014,SOURCE_GENERAL_EXACT_CONSERVATION,1.214306433558992e-17,1.8
R3_ATP_LOW,GlyRS_REDUCED_SLOW,CONS_015,SOURCE_GENERAL_EXACT_CONSERVATION,9.860761315262648e-32,5.6
R3_ATP_LOW,GlyRS_REDUCED_SLOW,CONS_016,SOURCE_GENERAL_EXACT_CONSERVATION,0.0,0.16
R3_ATP_LOW,GlyRS_REDUCED_SLOW,CONS_017,SOURCE_GENERAL_EXACT_CONSERVATION,2.2185317547895184e-16,2.4
R3_ATP_LOW,GlyRS_REDUCED_SLOW,CONS_018,SOURCE_GENERAL_EXACT_CONSERVATION,1.762479051592436e-15,50000.0
R3_ATP_LOW,GlyRS_REDUCED_SLOW,CONS_019,SOURCE_GENERAL_EXACT_CONSERVATION,4.535950205020818e-30,124.4498943
R3_ATP_LOW,GlyRS_REDUCED_SLOW,CONS_020,SOURCE_GENERAL_EXACT_CONSERVATION,3.944304526105059e-31,2.9
R3_ATP_LOW,GlyRS_REDUCED_SLOW,CONS_021,SOURCE_GENERAL_EXACT_CONSERVATION,1.732648663950507e-18,-2409.3
R3_ATP_LOW,GlyRS_REDUCED_SLOW,CONS_022,SOURCE_GENERAL_EXACT_CONSERVATION,1.9620214069411084e-28,-293.25465632
R3_ATP_LOW,GlyRS_REDUCED_SLOW,CONS_023,SOURCE_GENERAL_EXACT_CONSERVATION,1.1691001294593406e-28,299.65
R3_ATP_LOW,GlyRS_REDUCED_SLOW,CONS_024,SOURCE_GENERAL_EXACT_CONSERVATION,1.527985103817052e-29,-167.79232816
R3_ATP_LOW,GlyRS_REDUCED_SLOW,CONS_025,SOURCE_GENERAL_EXACT_CONSERVATION,1.1226476757426524e-28,-63.69465632
R3_ATP_LOW,GlyRS_REDUCED_SLOW,CONS_026,SOURCE_GENERAL_EXACT_CONSERVATION,1.1246284134139178e-28,-66.59465632
R3_ATP_LOW,GlyRS_REDUCED_SLOW,CONS_027,SOURCE_GENERAL_EXACT_CONSERVATION,1.1265538198560464e-19,193.46534368
R3_ATP_LOW,MetRS_REDUCED_SLOW,CONS_001,SOURCE_GENERAL_EXACT_CONSERVATION,0.0,0.35
R3_ATP_LOW,MetRS_REDUCED_SLOW,CONS_002,SOURCE_GENERAL_EXACT_CONSERVATION,0.0,0.44
R3_ATP_LOW,MetRS_REDUCED_SLOW,CONS_003,SOURCE_GENERAL_EXACT_CONSERVATION,2.524354896707238e-29,80.0
R3_ATP_LOW,MetRS_REDUCED_SLOW,CONS_004,SOURCE_GENERAL_EXACT_CONSERVATION,1.3805065841367707e-30,13.0
R3_ATP_LOW,MetRS_REDUCED_SLOW,CONS_005,SOURCE_GENERAL_EXACT_CONSERVATION,7.888609052210118e-31,4.3
R3_ATP_LOW,MetRS_REDUCED_SLOW,CONS_006,SOURCE_GENERAL_EXACT_CONSERVATION,1.6566079009641248e-29,99.0
R3_ATP_LOW,MetRS_REDUCED_SLOW,CONS_007,SOURCE_GENERAL_EXACT_CONSERVATION,3.791799650611298e-31,4.1
R3_ATP_LOW,MetRS_REDUCED_SLOW,CONS_008,SOURCE_GENERAL_EXACT_CONSERVATION,7.52405715099715e-31,4.9
R3_ATP_LOW,MetRS_REDUCED_SLOW,CONS_009,SOURCE_GENERAL_EXACT_CONSERVATION,1.0292910654444147e-32,0.2
R3_ATP_LOW,MetRS_REDUCED_SLOW,CONS_010,SOURCE_GENERAL_EXACT_CONSERVATION,1.1642848366928462e-32,0.2
R3_ATP_LOW,MetRS_REDUCED_SLOW,CONS_011,SOURCE_GENERAL_EXACT_CONSERVATION,9.860761315262648e-32,0.7
R3_ATP_LOW,MetRS_REDUCED_SLOW,CONS_012,SOURCE_GENERAL_EXACT_CONSERVATION,7.888609052210118e-31,16.0
R3_ATP_LOW,MetRS_REDUCED_SLOW,CONS_013,SOURCE_GENERAL_EXACT_CONSERVATION,1.776356839518434e-15,30.0
R3_ATP_LOW,MetRS_REDUCED_SLOW,CONS_014,SOURCE_GENERAL_EXACT_CONSERVATION,1.387778781079323e-17,1.8
R3_ATP_LOW,MetRS_REDUCED_SLOW,CONS_015,SOURCE_GENERAL_EXACT_CONSERVATION,0.0,5.6
R3_ATP_LOW,MetRS_REDUCED_SLOW,CONS_016,SOURCE_GENERAL_EXACT_CONSERVATION,0.0,0.16
R3_ATP_LOW,MetRS_REDUCED_SLOW,CONS_017,SOURCE_GENERAL_EXACT_CONSERVATION,2.2141398889580048e-16,2.4
R3_ATP_LOW,MetRS_REDUCED_SLOW,CONS_018,SOURCE_GENERAL_EXACT_CONSERVATION,1.7763568394002505e-15,50000.0
R3_ATP_LOW,MetRS_REDUCED_SLOW,CONS_019,SOURCE_GENERAL_EXACT_CONSERVATION,0.0,124.4498943
R3_ATP_LOW,MetRS_REDUCED_SLOW,CONS_020,SOURCE_GENERAL_EXACT_CONSERVATION,6.4711246131411125e-31,2.9
R3_ATP_LOW,MetRS_REDUCED_SLOW,CONS_021,SOURCE_GENERAL_EXACT_CONSERVATION,1.7340589194832052e-18,-2409.3
R3_ATP_LOW,MetRS_REDUCED_SLOW,CONS_022,SOURCE_GENERAL_EXACT_CONSERVATION,1.5917299823473933e-28,-293.25465632
R3_ATP_LOW,MetRS_REDUCED_SLOW,CONS_023,SOURCE_GENERAL_EXACT_CONSERVATION,2.0194839173657902e-28,299.65
R3_ATP_LOW,MetRS_REDUCED_SLOW,CONS_024,SOURCE_GENERAL_EXACT_CONSERVATION,2.697534517306538e-29,-167.79232816
R3_ATP_LOW,MetRS_REDUCED_SLOW,CONS_025,SOURCE_GENERAL_EXACT_CONSERVATION,1.9327088566796144e-28,-63.69465632
R3_ATP_LOW,MetRS_REDUCED_SLOW,CONS_026,SOURCE_GENERAL_EXACT_CONSERVATION,1.9318049334972784e-28,-66.59465632
R3_ATP_LOW,MetRS_REDUCED_SLOW,CONS_027,SOURCE_GENERAL_EXACT_CONSERVATION,1.1180834906189828e-19,193.46534368
